start time                lon       lat      depth  mag
1984-04-24 23:49:32.1800  121.6548  37.2762  4.97  1.7  17493
1984-05-04 11:09:58.1800  121.6563  37.2773  5.2  1.51  17703
1984-06-06 07:46:19.6000  121.656  37.2777  4.63  1.67  20231
1984-07-30 04:01:54.2600  121.6548  37.2765  4.97  1.58  24480
1984-12-24 07:22:03.0800  121.6568  37.2772  5.28  1.65  35295
1985-09-28 08:56:17.6500  121.657  37.2775  5.29  1.65  55954
1987-01-13 19:59:54.5400  121.657  37.2775  5.45  1.53  92466
1988-10-04 06:41:33.2400  121.6567  37.2775  5.45  1.58  124904
1991-05-01 22:58:44.4800  121.6562  37.2773  5.2  1.64  211711
1994-12-10 03:27:23.9300  121.6553  37.277  5.18  1.55  30064132
1998-06-15 21:36:55.7600  121.6553  37.2783  5.24  1.68  30179796
2009-07-08 09:52:15.8200  121.6547  37.2777  4.77  1.51  71245416

1984-04-25 12:35:07.6500  121.6627  37.2848  5.26  0.88  16569
1984-05-07 16:34:13.2300  121.6612  37.2853  5.43  1.34  17794
1984-06-04 16:23:29.1900  121.6628  37.2845  5.36  1.13  20113
1984-07-26 18:39:49.1900  121.6615  37.2852  5.18  0.36  24089
1984-12-19 08:29:34.0100  121.6617  37.284  5.17  1.4  34841
1985-12-12 07:33:37.3300  121.6622  37.2848  4.95  1.24  61248
1986-11-14 11:55:10.6100  121.6618  37.2843  5.45  1.1  87964
1988-11-07 17:51:17.3700  121.6623  37.285  5.3  1.23  126560
1990-05-11 22:59:22.3500  121.6615  37.2852  5.26  1.06  157486
1991-06-22 16:36:37.9500  121.6615  37.2842  5.48  1.24  220702
2005-10-30 19:40:14.2200  121.661  37.2848  5.2  1.2  21492545
1995-04-26 17:54:09.0700  121.662  37.2848  5.69  1.18  30072363
1997-12-19 02:47:51.8600  121.6612  37.2855  5.23  1.51  30175906
2009-05-20 01:10:23.5300  121.6593  37.2838  4.63  1.03  71222696

1984-05-22 11:29:05.7400  121.6542  37.2755  4.36  0.75  19113
1984-06-30 11:03:37.1400  121.6548  37.2763  5.05  0.97  21823
1984-08-14 14:49:38.5000  121.6542  37.2755  4.1  0.97  25598
1984-10-19 05:29:33.8100  121.6552  37.2753  4.27  0.95  30283
1985-01-14 05:55:40.4500  121.655  37.2745  4.21  0.96  37397
1985-04-15 06:35:43.6900  121.654  37.275  4.06  0.96  46117
1985-08-30 23:53:17.8000  121.6552  37.276  5.15  1.03  54469
1986-01-24 06:59:46.6300  121.6557  37.2767  5.14  0.98  64338
1986-06-07 09:37:24.5400  121.6535  37.2748  4.94  0.95  74155
1987-03-02 02:19:39.7100  121.656  37.2753  5.16  1.05  95886
1987-12-09 21:52:21.4400  121.6548  37.2753  4.34  0.95  109707
1988-08-03 17:34:17.8400  121.655  37.2752  4.59  0.94  121634
1989-03-27 14:00:25.4600  121.6538  37.2752  4.13  1.02  133521
1990-02-10 20:42:52.4500  121.6545  37.2757  4.33  1.01  152228
1991-12-27 03:37:02.5000  121.6547  37.2752  4.48  0.99  241947
1993-03-10 14:11:40.8200  121.6537  37.275  4.57  1.23  339972
1994-03-21 01:51:38.4000  121.6537  37.2752  4.68  1.07  398298

1988-03-16 23:10:06.0000  121.664  37.2855  5.72  2.53  114006
1994-09-17 17:57:00.9000  121.6633  37.2855  5.75  2.51  30057908

1984-04-26 02:27:44.5500  121.66  37.2878  8.51  2.08  17935
1984-05-28 22:16:19.9400  121.6587  37.288  8.55  2.15  19615
1984-07-09 12:29:01.9000  121.6592  37.2883  8.71  2.11  22407

1986-09-26 18:02:53.1300  121.6555  37.2815  8.37  0.8  83890
1987-08-11 12:55:15.4100  121.6567  37.2827  8.46  0.98  104396
1988-11-16 20:12:29.1100  121.6563  37.2825  8.35  0.98  127043
1991-03-11 08:45:32.0400  121.656  37.2813  7.89  1.24  207856

1993-10-03 06:31:27.1400  121.647  37.2758  9.22  1.03  30030522
1995-10-14 03:10:41.5100  121.6475  37.275  8.56  1.18  30086954

1984-12-10 19:55:27.3400  121.6558  37.2678  1.77  1.39  34005
1986-11-20 03:48:25.7600  121.6552  37.2685  1.76  1.44  88339
1989-05-08 07:30:26.9900  121.6557  37.2682  1.91  1.32  135753
1990-06-21 21:42:02.1100  121.6553  37.2695  1.7  1.25  159770
2000-01-17 09:35:41.3700  121.6555  37.2682  1.76  1.43  21078037

1984-05-05 03:31:54.2200  121.666  37.2872  5.14  2.54  17526
1990-03-11 11:52:34.1400  121.6663  37.2882  5.54  2.44  154124
1996-11-02 12:22:51.6300  121.6662  37.2883  5.82  2.44  483500
2000-06-15 13:32:13.2100  121.6658  37.2888  6.14  2.36  21103937

1985-03-06 06:44:33.0200  121.6552  37.2758  5.35  2.66  42964
1988-11-16 22:30:05.7200  121.6562  37.2767  5.65  2.59  127042

1984-06-07 10:38:41.3200  121.6572  37.2803  5.31  1.61  20318
1984-09-26 03:43:13.9100  121.6585  37.2808  5.5  1.58  28606
1985-07-03 02:32:09.6500  121.6592  37.2813  5.73  1.16  50546

1984-05-04 14:38:23.1700  121.6547  37.2828  7.61  1.85  17714
1984-08-15 21:01:40.8800  121.6563  37.2837  7.89  1.8  25710

1985-03-06 10:25:31.7600  121.6678  37.2865  1.51  1.21  42967
1985-03-06 10:25:42.0500  121.6685  37.2853  1.67  1.68  43148
1987-01-12 16:52:39.7500  121.6683  37.2863  1.54  1.27  92425
1988-08-12 00:10:23.5700  121.6692  37.2843  1.78  1.65  122184
1990-04-13 02:21:12.5000  121.6693  37.2858  1.6  1.56  155869
1991-05-28 04:59:53.6100  121.6677  37.2863  1.48  1.32  215363
1996-11-04 07:58:24.4500  121.6685  37.2862  2.07  1.68  483615
1999-12-07 03:42:51.9200  121.6693  37.2857  1.78  1.69  21070778
2002-04-11 18:07:19.8100  121.6675  37.287  1.31  1.33  21221071
2005-12-09 05:57:01.0500  121.6653  37.2873  1.25  0  21498746
2005-12-09 06:46:25.2400  121.6668  37.2853  1.68  1.14  21498754
2004-03-13 01:49:08.7700  121.6675  37.2868  1.6  1.53  30227198
2007-05-12 01:52:42.1300  121.6662  37.2852  1.68  1.58  51181814
2009-03-11 12:41:38.0700  121.6678  37.286  1.29  1.09  71196836

1984-04-27 04:32:44.3000  121.6553  37.281  9.35  0.82  16739
1984-05-10 18:20:34.4600  121.651  37.2748  6.55  0.92  18043
1984-06-05 23:13:18.4000  121.655  37.2795  8.42  0.99  20207
1984-07-19 21:36:10.5600  121.6538  37.2788  8.36  0.81  23387
1984-10-09 14:20:55.2100  121.6558  37.282  9.37  0.68  29756

1984-04-24 23:00:25.6600  121.654  37.2758  5.5  1.11  16498
1984-04-28 06:15:14.0000  121.6545  37.2755  5.63  1.27  16847
1984-05-06 09:47:40.7400  121.6568  37.2758  5.82  1.12  17602
1984-05-18 05:53:55.1100  121.6538  37.2755  5.08  1.36  18812
1984-06-15 19:19:45.8000  121.6542  37.276  5.4  1.32  20955
1984-07-30 20:15:05.6200  121.6528  37.2755  4.98  1.29  24553
1984-09-05 02:24:45.8300  121.6563  37.279  5.68  1.01  27261
1984-12-23 05:36:32.7400  121.655  37.276  5.57  1.28  35221
1985-04-08 04:29:47.5300  121.6548  37.276  5.42  0.98  45618
1985-08-18 05:30:43.7400  121.6557  37.2762  5.64  1.15  53225
1986-02-13 11:08:52.7800  121.6555  37.2813  5.46  1.34  66407
1987-02-25 23:35:24.2400  121.6552  37.2763  6.06  1.14  95481
1989-04-04 04:44:24.9300  121.6547  37.2765  5.4  0.97  133915
1991-03-13 03:08:31.5200  121.6533  37.2752  4.98  1.3  207943
1991-10-01 19:39:38.7400  121.6553  37.274  5.21  0.96  232705
1997-09-08 03:53:15.1900  121.654  37.2752  6.26  1.37  520304
1994-09-17 14:48:04.8400  121.6547  37.2763  6.24  1.08  30057875
1996-07-16 13:53:11.8100  121.6543  37.277  6.16  1.23  30113453

1984-05-06 10:57:39.6300  121.6588  37.2797  6.33  0.95  17606
1984-07-11 03:42:41.1700  121.6562  37.2793  5.94  1.43  22512
1984-10-29 22:41:39.0300  121.658  37.2805  5.91  1.48  30960
1986-01-01 18:09:29.5200  121.6573  37.2808  6.39  1.53  62564
1987-05-23 00:35:15.1400  121.6578  37.2802  6.2  1.79  100830
1989-03-26 18:13:31.4200  121.6565  37.2797  6.22  1.26  133465
1991-10-29 13:36:21.5400  121.6558  37.2795  5.68  1.46  235560
1994-11-19 03:29:31.6500  121.6573  37.2802  5.61  1.25  30062898
1996-06-07 00:36:08.9400  121.6547  37.2798  5.25  1.56  30108582

1984-04-28 10:17:46.5100  121.6545  37.2805  8.27  1.56  16863
1984-05-19 06:11:24.8100  121.6537  37.2798  8.49  0.87  18861
1984-06-14 14:59:19.0100  121.6565  37.2782  7.59  1.32  20844

1984-04-26 17:43:12.7500  121.6588  37.2907  -0.31  0  16706
1984-04-26 17:43:13.7600  121.6605  37.281  6.16  1.95  17009

1984-05-05 11:42:05.4500  121.655  37.2745  5.09  2.12  17555
1984-08-01 14:58:08.8700  121.6552  37.2755  5.02  2.1  24707

1984-05-18 14:40:20.1400  121.652  37.2792  9.45  0.97  18890
1984-05-28 18:05:18.3500  121.6515  37.28  9.2  1.22  19598
1984-07-19 14:31:36.3600  121.6525  37.2772  8.67  0.54  23347

1984-04-30 18:25:30.4900  121.6522  37.2802  9.08  1.24  17094
1984-05-20 20:01:34.6600  121.6527  37.2803  8.95  1.07  19031

1984-06-26 14:47:55.3200  121.6617  37.2772  1.38  0.69  21589
1984-07-18 04:12:15.3900  121.6622  37.279  1.44  0.95  23040
1984-10-30 06:45:29.3300  121.664  37.2788  1.39  0.96  30939
1984-12-07 08:23:18.2700  121.6643  37.2777  1.37  0.96  33526
1985-02-04 20:19:24.1800  121.657  37.2765  0.99  0.73  39855
1985-12-04 10:31:00.3900  121.6655  37.2798  1.39  0.88  60553
1985-12-06 01:31:58.6100  121.6632  37.2782  1.37  1  60710
1986-08-25 09:52:27.0100  121.6615  37.2783  1.45  0.81  80100
1987-06-10 16:51:51.1100  121.6602  37.2777  1  0.98  101679
1988-11-30 09:36:26.4300  121.665  37.2785  1.47  0.95  127818
1989-03-28 19:02:26.2900  121.6628  37.278  1.48  1  133586
1993-05-16 10:01:07.9300  121.6652  37.2772  1.47  1.04  349331

2000-07-16 17:15:27.5200  121.6545  37.2772  5.96  1.19  21110254
1998-10-05 07:41:13.9000  121.652  37.2762  5.47  0.96  30200521

1984-04-25 05:18:44.8200  121.6495  37.2763  8.06  2.77  17846
1984-05-18 19:30:23.9000  121.6495  37.2763  8.04  2.78  18909

1984-05-16 18:56:08.2300  121.6593  37.2862  8.98  0.75  18736
1984-07-17 11:24:21.3100  121.6607  37.2873  9.18  0.54  23159
1984-09-19 00:34:39.2100  121.6612  37.2888  9.58  0.54  28163

1984-05-11 04:04:58.4000  121.6557  37.2807  8.56  0.54  18182
1984-05-19 02:29:04.6200  121.6548  37.2802  8.43  0.86  18855

1984-04-30 20:38:42.4100  121.6568  37.2778  5.25  1.28  17121
1984-05-31 23:21:11.5100  121.6583  37.2785  5.72  1.27  19841
1984-08-18 03:57:41.0100  121.659  37.278  5.19  1.07  25845
1985-09-04 04:49:23.9100  121.6582  37.2782  5.2  1.28  54460
1987-02-05 19:00:54.8700  121.6572  37.2782  5.28  1.27  93980
1988-09-22 16:57:45.0300  121.6585  37.2788  6.05  1.23  124151
1990-08-04 00:49:42.3200  121.6578  37.2788  5.38  1.24  162087
1993-05-17 23:09:32.8600  121.6548  37.2783  5.17  1.25  349630

2004-11-07 09:29:44.4400  121.6692  37.2738  1.55  1.18  30506557
2007-01-18 11:42:31.5300  121.6645  37.2803  1.36  0.77  51177821
2009-06-01 10:54:34.0600  121.6627  37.2783  1.19  1.08  51222493
2011-12-15 03:21:41.7600  121.6633  37.28  0.87  1.11  71693085

1984-04-28 11:02:41.3200  121.6523  37.2778  8.36  1.37  16866
1984-05-04 18:07:26.4200  121.6518  37.2802  8.18  1.56  17721
1984-05-12 16:19:17.5300  121.6515  37.2798  9.47  0.74  18281
1984-05-29 14:23:41.6400  121.6512  37.2737  7.32  0.88  19654
1984-06-16 02:47:06.2500  121.6532  37.2797  8.9  1.16  20974

1984-04-25 15:58:54.7200  121.6517  37.272  5.4  1.32  16587
1984-05-05 21:03:33.3300  121.6518  37.2718  5.37  1.28  17650
1984-06-02 18:22:27.2700  121.6518  37.2725  5.89  1.35  19993
1984-07-12 17:16:57.1500  121.6532  37.2732  6.32  1.22  22607
1984-09-18 22:36:51.0100  121.6528  37.2727  5.72  1.27  28153
1985-01-07 07:45:55.8800  121.6507  37.2718  5.14  0.36  36573
1985-01-15 21:10:23.1200  121.6508  37.272  5.21  1.25  37504
1985-07-20 05:35:35.3400  121.6517  37.2722  5.49  1.25  51492
1989-07-16 14:54:44.2900  121.6527  37.2725  5.52  1.26  140120
1992-09-04 17:57:59.2600  121.6517  37.2725  5.86  1.29  30000094
1996-01-03 08:57:36.4900  121.652  37.2727  5.4  1.38  30093385

1984-04-26 16:17:19.9400  121.6495  37.2728  7.63  0.9  16694
1984-05-24 09:19:19.1200  121.6502  37.2762  8.39  1.12  19289
1984-06-17 06:21:06.9100  121.6507  37.2752  8.14  0.85  21032
1984-08-02 01:51:51.5000  121.6493  37.2777  9.22  0.89  24763

1984-05-08 05:31:14.9700  121.6552  37.282  9.71  0.54  17832
1984-04-25 07:01:08.9700  121.6518  37.2842  8.87  0.88  17850

1984-06-19 20:15:06.0600  121.6628  37.2818  3.14  1.24  21207
1984-07-10 14:14:15.6100  121.6625  37.281  3.22  1.39  22467
1984-08-10 21:03:22.5400  121.6595  37.282  3.06  0.78  25336
1984-12-24 05:11:09.8800  121.6622  37.281  3.32  1.3  38892
1985-02-08 20:44:10.1100  121.6627  37.2805  3.31  1.43  40427
1985-06-04 04:35:36.1900  121.6612  37.2812  3.22  1.3  48961
1985-12-24 18:12:10.4200  121.6628  37.2815  3.33  1.32  62123
1986-09-11 03:05:13.4400  121.6622  37.2803  3.5  1.53  82023
1987-10-28 22:44:37.8100  121.6623  37.2815  3.23  1.34  107761
1989-08-30 17:29:07.2400  121.6632  37.2807  3.12  1.33  143305
1991-09-05 03:45:07.0700  121.664  37.2803  3.73  1.31  229681
1991-11-05 14:31:21.0300  121.6627  37.28  3.38  1.44  236604
1993-06-15 00:35:54.9700  121.6635  37.2815  3.56  1.42  355088
1994-01-29 04:56:42.8100  121.6632  37.2808  3.36  1.43  392891
2001-06-09 18:42:37.4600  121.6608  37.2818  3.64  1.43  21169355
2003-06-08 10:05:16.3500  121.6613  37.2817  3.42  1.48  21286598
2006-08-31 16:07:36.8500  121.6595  37.2813  3.17  1.42  21534774
2006-09-02 06:12:58.5400  121.6603  37.2815  3.65  1.5  21535011
1995-11-27 17:44:13.4900  121.6607  37.2812  3.34  1.39  30090732

1984-07-16 14:58:14.3500  121.666  37.285  2.17  1.03  22911
1985-01-18 21:17:37.5200  121.6665  37.2857  2.14  0.95  37967
1985-06-11 21:45:53.9900  121.6643  37.287  2.01  0.57  49434
1986-09-03 20:09:45.2400  121.6678  37.2867  2.2  0.93  81123
1987-06-06 23:05:15.0600  121.6662  37.286  2.04  0.91  101528

1984-09-15 14:41:41.6200  121.658  37.2762  3.7  1.93  27954
1985-02-18 16:16:08.9700  121.6583  37.2758  3.56  1.84  41377

1984-04-28 04:43:24.0400  121.666  37.286  3.93  1.58  16841
1984-07-05 12:49:57.0700  121.6653  37.2865  3.78  1.38  22144
1984-11-13 11:59:08.7200  121.6658  37.2857  4.02  1.43  31844
1985-06-16 05:24:54.0500  121.6655  37.286  3.66  1.4  49633
1986-03-09 18:55:22.1200  121.6647  37.2863  3.59  1.42  67803
1988-02-13 04:54:32.2600  121.6657  37.2857  5.27  1.39  112230
1992-07-07 02:47:24.0000  121.6655  37.2862  4.12  1.45  303099
1999-08-30 22:27:31.7600  121.6645  37.2863  4.07  1.5  21048865
2003-01-21 19:24:25.3800  121.6637  37.2883  4.07  1.55  21264581

2005-06-01 04:49:29.3800  121.6632  37.2872  1.71  1.14  21459836
2007-03-30 13:43:47.2900  121.6665  37.2868  2.02  0.75  71020700

1990-03-10 11:38:37.8700  121.6687  37.2857  2.23  1.08  154062
1991-01-31 12:51:54.7300  121.6685  37.2862  2.23  0.84  205613

1984-07-06 08:15:12.5800  121.6637  37.286  3.24  0.96  22233
1984-10-20 11:40:04.4900  121.6662  37.2855  2.95  0.96  30389
1985-02-04 17:20:14.5300  121.6655  37.285  2.79  0.96  39849
1985-06-16 18:49:24.9500  121.6658  37.2855  3.22  1.21  49648
1986-01-05 14:52:42.1700  121.6652  37.2863  3.61  1.09  62876
1986-08-08 08:01:22.2700  121.6677  37.2858  3.7  1  78490
1987-12-04 11:41:56.2900  121.6653  37.2855  3.25  1.08  109504
1989-03-22 01:25:33.3700  121.6648  37.2862  3.35  1.27  133225
1990-05-26 17:33:25.6000  121.665  37.2853  3.36  1.12  158380
1991-05-09 18:05:43.0400  121.666  37.2873  3.27  1.07  212164
1992-09-13 22:44:18.6300  121.6658  37.2857  3.2  1.2  315397
2002-07-09 11:33:35.6700  121.6633  37.2862  3.26  1.36  21234398
2003-09-05 10:03:47.3700  121.6645  37.287  3.41  1.14  21305435
2005-10-28 04:34:19.4400  121.6615  37.2855  3.17  1.36  21492157
1994-07-30 23:37:53.8500  121.6653  37.2863  3.13  1.23  30053900
1995-11-28 18:57:33.3100  121.6655  37.2863  3.62  1.22  30090805
2009-01-12 22:06:18.5600  121.6627  37.2858  2.94  1.18  40230040
2011-08-28 05:33:25.8300  121.6625  37.2857  2.93  1.14  71628875

1984-05-23 21:41:30.5300  121.6472  37.2748  8.13  2.61  19257
1984-08-21 06:58:51.4300  121.6482  37.2742  8.33  2.42  26022
1985-04-05 14:57:04.4000  121.6483  37.275  8.11  2.49  45494

2013-01-02 10:18:59.1800  121.6668  37.2872  2.6  1.13  71913956
2013-01-04 13:59:30.2300  121.6677  37.2843  1.22  1.39  71915056

1984-04-25 22:56:34.2800  121.6548  37.2723  3.82  2.11  16615
1987-08-21 17:06:54.6500  121.654  37.2727  4.2  1.95  104871
1991-08-15 18:18:30.7300  121.6553  37.2737  3.96  2.05  227885

1984-04-25 23:42:44.9200  121.6578  37.2847  8.34  1.41  16618
1984-05-02 12:45:47.9800  121.6573  37.2832  7.77  0.98  17288
1984-05-02 05:43:55.8500  121.6582  37.2833  8.47  0.95  17407
1984-04-28 18:45:09.0700  121.658  37.2845  8.43  1.1  18095
1984-05-13 01:54:23.4200  121.6585  37.2858  8.13  1.59  18299
1984-05-23 10:01:09.4800  121.6587  37.2837  8.58  0.84  19225
1984-05-30 12:07:24.3200  121.6555  37.2835  9.31  1.16  19718
1984-06-02 07:07:34.3600  121.654  37.2868  8.74  0.95  19964
1984-06-11 16:49:58.8600  121.6573  37.2833  8.63  1.1  20654
1984-07-21 23:46:54.0400  121.658  37.2863  8.7  1.55  23543
1984-10-22 12:56:50.8300  121.6575  37.2855  9.01  1.19  30518
1984-12-14 15:30:35.3800  121.656  37.2845  9.12  1.09  34166
1985-05-14 04:25:41.2900  121.6585  37.2847  8.55  0.96  47848

1984-05-10 06:13:12.1800  121.6552  37.276  5.31  1.86  17996
1984-07-30 03:55:38.6600  121.656  37.2765  5.06  1.93  24479
1984-12-22 22:56:28.7200  121.657  37.2775  5.19  1.86  39631
1985-09-28 08:02:14.6100  121.657  37.2772  5.5  1.86  55951
1987-01-13 03:48:29.6100  121.656  37.2767  5.41  1.83  92444
1988-10-02 00:50:49.5400  121.655  37.2767  4.98  1.7  124723
1991-05-01 19:37:53.9100  121.6562  37.2767  5.58  1.89  211688
2002-02-07 21:50:34.1600  121.655  37.2773  5.49  1.69  21211989
2005-03-10 06:48:30.2200  121.6562  37.2768  5.08  1.76  21444361
1994-12-10 17:22:58.6900  121.656  37.2767  5.48  1.85  30064163
1998-06-19 05:51:32.3300  121.6553  37.2767  5.65  1.86  30180479
2009-06-08 22:23:52.0900  121.6548  37.2772  4.93  1.75  40237826

1984-04-30 11:28:08.7700  121.659  37.274  1.22  0.95  17058
1984-10-27 10:18:03.0100  121.6607  37.2752  0.54  1.1  30772
1985-08-24 02:51:02.9600  121.6642  37.2772  1.33  0.97  53733
1986-06-12 05:14:25.5400  121.6618  37.2772  1.28  1.07  74507
1988-08-22 11:21:50.4600  121.6595  37.2753  1.24  1  122679
1990-06-01 08:28:36.1400  121.6595  37.2742  1.36  1.03  158657
1996-12-08 09:53:59.1600  121.66  37.2773  2.14  1.14  487051
1998-09-03 14:49:54.6400  121.6613  37.277  2.8  1.29  30194706

1984-04-26 09:42:10.6200  121.663  37.282  5.13  0.69  16664
1984-05-07 05:01:56.2700  121.6632  37.2853  5.7  0.95  17763

1984-08-21 19:20:56.7000  121.665  37.2812  1.41  0.96  26054
1985-01-18 11:40:28.2600  121.6648  37.2785  1.37  0.94  37953
1986-07-25 02:11:46.4500  121.6645  37.2788  1.37  1.1  90452
1987-05-21 16:53:04.4800  121.6615  37.2795  1.28  1.1  100778
1988-06-17 06:21:36.9600  121.661  37.2782  1.33  1.08  119117
1989-01-22 12:04:29.6400  121.6648  37.2798  1.32  0.95  130316
1989-12-20 11:55:05.7300  121.6657  37.2805  1.37  1.07  149271
1990-01-06 20:24:40.8600  121.6618  37.2792  1.25  0.95  150233
1991-05-08 08:50:21.7800  121.6647  37.278  1.43  1.07  212069
1994-03-15 07:32:43.1800  121.665  37.2792  1.48  1.21  397674
1992-09-09 01:58:57.0600  121.663  37.2778  1.28  1.08  30000425
1995-09-03 07:37:55.6200  121.6655  37.2802  1.45  1.19  30082592
1999-02-24 13:54:15.9800  121.6642  37.2798  2.75  1.19  30218267

1984-06-20 05:27:03.0500  121.6483  37.2762  7.97  1.18  21184
1988-07-05 02:17:02.4800  121.65  37.2765  8.71  0.97  119882
1990-09-25 06:09:34.0400  121.6497  37.276  8.47  1.13  164522
1994-01-27 08:09:21.8200  121.6457  37.2767  8.7  1.26  392732

1985-01-19 11:56:36.6800  121.6683  37.286  3.59  2.6  38148
1995-11-25 19:22:05.4700  121.6675  37.2868  4.23  2.63  30090632

1985-03-02 03:46:34.4600  121.6693  37.2857  1.53  1.35  42552
1985-05-24 21:46:19.5400  121.6695  37.2852  1.43  0.96  48471
1986-07-09 18:37:25.3500  121.6682  37.2857  1.71  1.24  76106
1988-01-21 00:08:25.3000  121.6677  37.2857  1.43  1.09  111175
1988-02-03 00:54:46.6400  121.6683  37.2857  1.52  1.08  111775
1989-03-25 03:59:31.2000  121.6685  37.286  1.52  1.08  133405
1989-10-04 12:45:30.3400  121.6693  37.286  1.29  0.54  144973
1989-10-04 12:53:52.2600  121.669  37.2858  1.43  1.12  144974
1990-11-29 08:55:27.1700  121.6688  37.2857  1.68  1.28  201401
1993-03-03 23:53:39.0000  121.6672  37.2853  1.49  1.26  338746
1993-03-04 00:11:46.2800  121.6687  37.2857  1.46  1.22  338751
2001-03-21 04:35:07.0700  121.666  37.2868  1.23  1.14  21154421
2004-03-12 01:32:02.7200  121.667  37.2855  1.79  1.39  21349829
2004-03-12 03:00:31.6900  121.6655  37.2852  1.49  1.35  21349848
1995-12-30 05:12:45.8800  121.6685  37.2853  1.15  1.47  30093060
1996-01-26 14:50:43.7400  121.668  37.2852  1.59  1.34  30095293
1998-12-19 18:46:11.4700  121.668  37.2857  1.6  1.41  30210093
1998-12-20 09:36:21.8400  121.668  37.2865  1.9  1.36  30210158
2004-03-12 01:32:43.6600  121.6678  37.2868  1.28  1.13  30227204
2011-09-02 14:13:57.5500  121.6667  37.2852  1.29  1.23  71632460
2011-09-02 16:22:31.3700  121.6667  37.2843  1.38  1.25  71632515

1984-06-02 09:03:06.4000  121.6512  37.2785  9.55  0.54  19968
1984-07-25 07:07:33.2600  121.6508  37.2777  9.42  0.58  23906

1989-09-26 17:02:00.1300  121.6653  37.2877  5.35  0.97  144648
1995-12-02 01:12:15.0600  121.6653  37.2877  5.76  1.48  30091051
1998-11-06 13:06:59.9600  121.665  37.288  5.45  1.52  30205164

1985-02-13 23:52:24.3500  121.665  37.2888  6.05  1.77  40913
1988-04-29 07:29:56.4800  121.6643  37.2898  5.6  1.71  116401
1989-02-22 14:10:27.5200  121.6648  37.2893  6.14  1.89  131766

1984-04-28 00:04:28.9400  121.662  37.2852  5.68  0.95  16821
1984-05-15 01:42:20.7300  121.6623  37.2855  5.43  1.19  18466
1984-05-19 04:20:31.0900  121.6638  37.2837  5.41  0.87  18857
1984-06-01 13:55:56.7900  121.6603  37.2847  5.53  1.29  19897
1984-08-19 20:27:32.5200  121.6632  37.2848  5.78  0.73  25937
1984-09-11 08:13:53.7100  121.6632  37.2852  5.66  0.95  27721
1984-10-31 15:28:47.7300  121.6635  37.2868  6.44  0.92  31037
1984-11-01 05:22:45.3500  121.6617  37.2838  5.45  0.92  31068
1984-11-18 02:09:19.5700  121.662  37.2857  5.6  0.64  32053
1985-02-21 22:34:06.6000  121.6625  37.2855  5.64  0.92  41708
1985-07-18 23:42:01.2000  121.6625  37.2853  5.7  1.12  51378
1986-02-02 08:26:41.9400  121.663  37.2847  5.67  1.28  65406
1986-04-12 07:13:34.8500  121.662  37.2853  5.98  1.16  70083
1987-02-21 07:40:44.6000  121.6627  37.2848  6.01  1.2  95188
1987-02-23 17:05:01.7200  121.6625  37.2855  6.36  0.96  95317
1988-02-10 20:13:00.5800  121.6628  37.2867  6.57  1  112178
1988-07-05 05:02:33.2000  121.6617  37.2853  5.71  0.93  119888
1988-11-03 18:02:37.5000  121.6637  37.2847  6.36  0.69  126311
1989-03-12 07:15:42.9300  121.6628  37.285  5.74  0.79  132715
1989-09-14 10:35:37.5300  121.6623  37.2847  5.53  0.99  144026
1990-03-06 23:09:12.3500  121.662  37.2847  5.65  0.83  153849
1991-05-04 06:30:11.9700  121.662  37.2842  5.61  1.01  211885
1991-05-09 00:14:24.3000  121.6617  37.2848  5.63  1.35  212119
1991-12-04 13:45:38.9000  121.6627  37.2855  5.73  1.06  238816
1993-03-07 01:47:37.8000  121.6607  37.2845  4.87  1.29  339439
1993-03-08 09:25:36.3600  121.6615  37.2847  5.78  1.06  339511
1996-10-19 04:32:38.1800  121.6612  37.2855  5.7  1.37  482382
1998-10-31 05:07:55.6500  121.6615  37.2858  5.12  1.35  30204376

1984-04-25 12:04:24.1900  121.6528  37.276  5.53  2.06  16743
1984-04-28 14:35:02.3000  121.6555  37.275  7.01  0.93  16874
1984-04-28 14:50:59.1800  121.6542  37.276  6.48  1.85  16878
1984-05-07 09:20:31.3500  121.6528  37.2762  6.43  0.68  17770
1984-05-20 00:16:19.6200  121.6553  37.276  5.21  1.87  18986
1984-05-23 00:56:08.8000  121.6553  37.2745  7.04  0.51  19197
1984-05-25 05:17:30.8800  121.656  37.2743  7.01  0.65  19359
1984-06-22 19:57:18.8100  121.653  37.2755  7.17  0.58  21365
1984-07-19 07:40:28.6900  121.654  37.2757  7.2  0.51  23316
1984-07-20 03:55:53.6700  121.6533  37.2757  6.03  1.44  23418
1984-08-30 12:06:25.1400  121.6503  37.2745  7.12  0.51  26712
1984-10-15 20:30:43.4400  121.6515  37.2755  5.26  1.65  30088
1985-01-29 15:52:58.7600  121.6543  37.2778  7.58  0.58  39156
1985-01-29 17:02:30.8100  121.6543  37.2758  6.88  0.87  39164
1985-06-10 15:41:07.4100  121.6537  37.276  6.14  1.77  49332
1987-06-11 14:01:02.1100  121.6538  37.2755  6.55  1.28  101731
1988-03-05 10:42:03.5100  121.6525  37.2747  6.85  0.95  113354
1988-07-28 11:55:07.9800  121.6528  37.276  6.87  1.4  121118
1988-10-23 11:55:52.1200  121.6538  37.2758  7.15  0.69  125685
1990-03-19 16:23:11.2300  121.654  37.2758  7.17  1.1  154473
1991-11-10 06:14:38.6700  121.6547  37.2752  6.27  1.56  236981
1984-04-25 01:57:34.8300  121.6523  37.276  6.67  0.92  1114304
1999-11-23 02:24:05.3700  121.6533  37.2765  6.65  1.57  21068462
2004-04-18 17:51:31.8700  121.6558  37.2768  6.99  1.14  21358875
2004-04-19 03:25:16.0100  121.6523  37.276  6.52  1.35  21358961
1993-11-06 00:07:57.4300  121.6532  37.2748  6.39  1.41  30034156

1984-04-26 04:10:46.6700  121.652  37.2792  7.71  2.2  16638
1985-07-12 06:25:00.3000  121.6523  37.2792  8.11  1.93  50950
1990-10-09 04:14:52.6000  121.6518  37.2798  7.45  1.72  165150
1993-08-17 01:23:32.6100  121.6522  37.2795  8.27  2.3  375121

1984-05-04 09:55:19.4800  121.6575  37.2765  3.89  2.03  17702
1984-07-30 16:12:44.0000  121.6572  37.2762  4.09  1.99  24696
1985-02-15 11:11:23.2200  121.6577  37.2753  4.46  1.84  41030
1989-03-27 07:37:10.3700  121.6565  37.2758  4.72  1.92  133487

1999-03-01 22:34:38.5700  121.653  37.2758  4.88  1.14  21003561
2000-05-28 22:03:50.8000  121.6557  37.2777  5.79  0.99  21100745
2003-09-19 20:26:45.7600  121.6558  37.2752  5.02  1.14  21308075
2005-02-12 20:55:08.8500  121.6552  37.2752  5.44  1.14  21439131
2006-10-06 00:02:02.3200  121.6562  37.2758  5.35  1.14  21540897
1996-06-06 06:31:03.9200  121.6545  37.276  4.87  1.14  30108451
2002-03-28 06:55:19.0000  121.6525  37.2758  2.38  1.3  30224183
2009-03-29 14:40:59.6200  121.6533  37.2753  4.18  1  40233977

1984-10-02 11:19:48.0600  121.659  37.2745  1.2  0.95  29091
1985-02-04 00:44:04.7100  121.6605  37.2758  1.34  0.94  39778
1985-11-20 08:08:35.4100  121.6622  37.2765  1.44  1.07  59494
1986-06-25 23:25:18.5100  121.6607  37.2767  1.29  1.07  75361
1987-04-11 14:45:33.8200  121.6612  37.2762  1.34  1.01  98402
1988-07-14 10:33:49.9800  121.6593  37.2767  1.75  0.96  120331
1991-03-10 07:28:24.5300  121.6613  37.2758  1.42  1.01  207818
1992-02-16 14:45:54.0700  121.6598  37.2752  1.22  0.51  251220
1993-01-20 11:12:07.1000  121.6605  37.2758  1.39  1.04  333167
1995-04-20 22:29:48.3400  121.6602  37.275  1.25  1  1219694
1999-07-01 01:31:29.0200  121.661  37.2768  3.31  1  21030793
1993-12-12 18:09:00.7300  121.6585  37.2762  1.12  1.03  30037477

1984-04-25 11:50:14.5200  121.6523  37.2723  5.6  1.57  16564
1984-04-25 13:33:25.3900  121.6517  37.2733  5.64  1.66  16573
1984-04-28 04:10:15.2900  121.6527  37.2745  6.45  0.97  16839
1984-04-29 20:49:03.2500  121.652  37.2725  5.51  1.37  16997
1984-05-01 04:59:42.2200  121.6525  37.2732  5.19  1.51  17160
1984-05-03 05:33:39.1300  121.6517  37.2745  6.25  0.67  17371
1984-05-09 02:59:56.8500  121.6527  37.2728  5.09  1.68  18107
1984-05-13 01:14:28.3100  121.6505  37.2727  5.05  1.62  18297
1984-05-20 11:49:52.3800  121.6517  37.2738  6.11  0.82  19013
1984-05-21 14:15:58.3300  121.6523  37.2722  5.43  1.67  19079
1984-06-08 22:27:59.5900  121.652  37.2733  5.6  1.58  20471
1984-06-09 02:12:08.9800  121.6505  37.2718  5.35  1.56  20484
1984-06-28 10:07:52.2700  121.653  37.274  5.14  1.49  21701
1984-08-03 02:13:32.0600  121.6522  37.2733  5.32  1.65  24835
1984-08-21 14:10:15.6200  121.651  37.2732  5.51  1.43  26042
1984-09-03 21:46:01.8500  121.6532  37.2733  6.07  1.18  27155
1984-10-19 18:18:33.4300  121.651  37.2735  5.66  1.35  30341
1984-10-30 23:13:25.0900  121.6535  37.2735  5.84  1.71  31018
1984-11-19 19:10:54.5700  121.6528  37.2745  6.45  0.79  32136
1985-01-07 19:29:00.6800  121.6527  37.274  5.98  1.52  38580
1985-03-24 09:07:05.0400  121.652  37.2728  5.75  1.42  44613
1985-03-27 01:51:45.1900  121.6503  37.2725  5.61  1.58  44792
1985-06-07 18:48:18.8300  121.6535  37.2742  6.3  1.72  49171
1985-06-09 04:05:00.3800  121.6528  37.2738  6.32  1.07  49203
1985-09-14 18:09:27.9500  121.653  37.2762  6.58  1.07  55097
1986-02-21 08:45:21.2500  121.6535  37.2738  6.01  1.68  66796
1986-06-17 21:45:34.0800  121.6527  37.2747  6.43  1.21  74870
1987-01-17 07:37:36.2700  121.6528  37.2735  5.98  1.62  92727
1987-08-30 00:33:18.6400  121.653  37.2738  6.17  1.35  105161
1988-05-13 15:10:54.8100  121.6523  37.2737  6.19  1.45  117168
1989-01-10 18:04:34.1800  121.6532  37.2742  5.87  1.54  129767
1989-07-20 12:54:35.2200  121.6507  37.2733  5.83  1.01  140383
1990-05-11 21:10:42.1500  121.6515  37.2738  5.32  1.59  157480
1991-03-18 01:06:31.3000  121.651  37.2742  6.14  1.27  208179
1992-04-01 08:00:41.3800  121.653  37.2733  5.74  1.58  261383
1993-07-26 09:27:50.5500  121.6522  37.2743  6.09  1.46  369916
2000-11-24 18:06:47.7300  121.6527  37.2752  6.24  1.65  21135678
2002-07-20 10:01:44.7900  121.6533  37.2753  6.05  1.6  21236434
2004-07-07 09:49:06.9800  121.6528  37.274  5.77  1.58  21376315
2006-08-08 22:01:37.0300  121.6507  37.2743  5.83  1.6  21531458
2006-11-09 14:00:20.4100  121.6498  37.2733  5.36  1.58  21547384
1994-11-11 10:54:50.0400  121.6538  37.2747  5.32  1.53  30062431
1996-01-10 15:58:09.4600  121.6518  37.2742  6.34  1.32  30094025
1999-01-28 18:31:55.9800  121.6537  37.2747  6.54  1.42  30215227
2008-07-23 00:40:19.3100  121.6487  37.2743  5.2  1.45  40221040
2010-10-21 19:25:25.8100  121.6523  37.2743  5.51  1.37  71477206
2012-01-01 15:45:51.7500  121.6513  37.2737  5.7  1.6  71704070

1984-04-26 17:04:54.2600  121.664  37.2783  7.79  0.96  16697
1984-05-20 04:48:36.1000  121.6562  37.278  5.35  1.74  19000
1984-05-20 05:24:50.2100  121.6552  37.2778  5.14  1.29  19006
1984-06-04 00:29:09.4800  121.654  37.2772  5.72  1.18  20079
1984-09-02 21:42:05.1200  121.6545  37.2777  6.1  1.12  27032
1984-11-06 03:36:05.9200  121.6573  37.2795  5.71  1.97  31367
1984-11-06 08:29:01.9600  121.6557  37.2783  6.19  1.64  31383
1985-01-01 22:53:14.1300  121.6543  37.2777  6.04  1.51  35973
1985-03-31 10:28:32.4700  121.6545  37.2782  5.36  1.53  45026
1985-08-05 15:13:31.2600  121.6547  37.2778  6.58  0.97  54183
1985-10-14 16:50:38.2400  121.6563  37.2787  5.98  1.54  56940
1985-12-14 10:36:45.5500  121.6562  37.2778  6.37  1.56  61443
1986-06-22 16:49:53.3900  121.6557  37.2772  6.29  1.39  75139
1987-02-04 20:42:48.6400  121.6543  37.2778  6.15  1.75  93878
1987-02-10 05:44:29.1000  121.655  37.2778  6.35  1.23  94442
1987-08-04 09:54:13.6600  121.6558  37.2782  6.31  1.61  104049
1987-10-06 02:02:49.8500  121.6553  37.2785  6.25  1.4  106818
1988-07-25 16:59:10.7800  121.6563  37.278  6.6  1.47  120898
1988-09-25 03:31:41.4400  121.6548  37.2778  6.94  0.69  124343
1993-01-31 22:34:21.2200  121.6562  37.2783  6.73  1.01  335245
1996-12-01 13:04:48.8800  121.6543  37.278  6.21  1.19  486366
2000-04-20 11:38:17.7900  121.6547  37.2785  6.96  1.67  21092929
1995-01-18 11:54:55.0000  121.6555  37.2778  6.07  1.54  30066444

1994-05-20 10:19:02.5100  121.6467  37.2775  9.11  1  402498
1993-09-24 07:07:04.2700  121.6478  37.278  8.4  0.98  30029579

1984-11-10 12:47:31.3900  121.6553  37.2682  1.93  2.13  31660
1985-06-10 02:05:15.2500  121.6553  37.2693  1.78  1.86  49231
1986-03-15 18:47:58.9600  121.6562  37.269  1.62  2.04  68102
1987-01-26 17:18:26.2100  121.6552  37.2688  1.83  1.79  93256
1988-07-30 00:42:34.6800  121.6563  37.2683  1.93  2.06  121306
1990-03-08 00:46:52.5800  121.655  37.2683  1.77  2.01  154188
1991-09-08 19:29:38.9700  121.6558  37.2692  1.69  1.93  231069
1993-12-16 18:42:35.1700  121.655  37.2687  1.81  2.05  30037744
1995-09-17 01:16:26.8500  121.655  37.2682  1.78  1.84  30084285
2010-06-10 17:02:17.1900  121.6553  37.2683  1.76  2.09  71413226

1984-07-19 23:49:06.3400  121.656  37.2827  7.48  1.38  23407
1986-09-10 04:47:35.1800  121.6565  37.284  8.02  1.26  81934

1984-04-27 11:08:06.9700  121.666  37.288  5.41  1.38  16766
1987-11-02 03:06:27.5800  121.6662  37.2878  5.42  1.59  107906
1991-12-23 12:33:18.5500  121.666  37.2885  5.46  1.32  241590
1994-05-13 11:15:14.1600  121.6647  37.2875  5.42  1.64  30049085
1995-07-24 08:37:42.9200  121.6658  37.288  5.45  1.23  30077970

1984-05-15 15:09:07.1800  121.654  37.2755  6.86  1.6  18496
1985-08-03 01:15:02.8000  121.6497  37.2762  8.08  1.59  52164
1993-08-14 23:15:48.2700  121.6485  37.2762  8.46  1  374886

1984-05-16 06:02:17.0100  121.6618  37.2813  4.34  1.26  18573
1984-06-11 13:03:11.4200  121.6598  37.2817  3.49  0.83  20645
1984-08-14 20:45:41.1500  121.6618  37.2812  4.05  1.23  25626
1984-10-15 18:44:37.6000  121.6613  37.282  3.69  1.16  30085
1984-12-12 03:19:48.8300  121.66  37.2813  3.92  1.33  34091
1985-02-14 10:49:01.2300  121.6603  37.2817  3.84  0.72  40892
1985-05-18 05:30:31.3400  121.6607  37.281  4.65  0.98  48041
1985-08-22 06:23:03.6800  121.66  37.2823  3.62  0.83  53504
1985-12-16 13:41:12.8500  121.6597  37.2813  3.89  1.3  61605
1986-04-17 08:24:52.8000  121.6587  37.2822  3.6  0.95  70461
1986-10-12 10:08:19.7000  121.6608  37.281  3.78  1.27  85500
1987-03-28 01:12:47.6300  121.66  37.2818  3.45  0.87  97553
1988-06-07 22:24:17.8800  121.6605  37.2817  3.64  1.26  118569
1988-12-15 03:59:04.7000  121.6607  37.2813  3.87  0.83  128603
1989-08-29 08:52:06.8100  121.6613  37.2803  4.06  1.28  143190
1990-04-01 15:10:39.9300  121.6608  37.2813  4.18  0.96  155097
1991-02-23 22:19:09.5500  121.6588  37.2807  3.74  1.28  207156
1991-12-09 10:43:27.2800  121.6612  37.281  4.07  1.28  239970
1992-08-23 05:30:20.0200  121.6615  37.2808  4.98  0.76  312057
1996-09-19 16:31:09.1200  121.6595  37.2828  5.13  1.23  479765
1997-10-25 06:06:03.2700  121.6598  37.2818  3.8  1.24  528510
1999-02-25 03:37:27.7800  121.6605  37.2815  4.45  1.47  21003089
2000-10-13 22:59:34.0800  121.6597  37.2827  3.75  1.3  21129744
2002-08-25 10:06:45.6700  121.6597  37.2817  4.57  1.44  21242117
2003-11-27 07:45:10.8700  121.6607  37.282  4.64  1.14  21320506
2005-11-25 20:16:49.7000  121.6598  37.2817  4.03  1.5  21496717
1993-09-28 19:20:26.7000  121.6598  37.2807  4.18  1.33  30030049
1994-10-02 06:02:19.3100  121.6603  37.2808  4.41  1.18  30059482
1995-09-05 07:56:37.9700  121.6602  37.2813  4.33  1.44  30082804
2008-01-27 14:18:27.7400  121.6618  37.2817  3.59  1.06  71095865
2009-07-10 03:19:04.2600  121.6575  37.2813  3.77  1.24  71246321
2010-11-21 22:18:26.5700  121.6593  37.2822  3.82  1.04  71486265

1984-04-25 08:27:28.4900  121.658  37.2795  5.22  1.66  16546
1984-05-10 11:14:30.7000  121.659  37.2805  5.37  1.58  18010
1984-05-11 14:57:42.2800  121.6587  37.2797  5.03  1.77  18209
1984-09-27 15:53:51.6900  121.6583  37.2793  5.1  1.72  28710
1985-02-12 22:48:52.9400  121.6588  37.2808  5.33  1.66  40851

1986-07-16 20:59:02.6900  121.6635  37.2852  5.79  3  76654
2000-08-02 17:06:19.9600  121.6632  37.2853  6.02  2.93  21114606
1995-04-05 07:55:20.7300  121.663  37.2853  6.1  2.89  30071053

1984-04-28 08:38:47.4800  121.6558  37.2853  8.55  2.25  16857
1984-05-17 15:57:44.8000  121.6572  37.2848  8.49  2.41  18729

1984-05-18 23:45:16.5400  121.6555  37.2752  5.69  1.35  18847
1984-08-01 12:55:25.1500  121.6545  37.274  5.24  1.22  24677
1984-12-29 12:33:59.4400  121.6538  37.2747  5.73  1.26  35897
1986-09-14 05:20:10.9000  121.6542  37.2755  5.59  1.15  82364

1984-05-05 02:41:15.1500  121.657  37.285  8.76  1.24  17524
1984-04-25 21:38:15.2100  121.6585  37.286  8.66  1.67  17925
1984-05-12 08:23:48.3500  121.6577  37.283  8.29  0.77  18269
1984-05-12 09:01:06.4300  121.6603  37.287  8.72  1.24  18272
1984-05-15 20:01:27.7800  121.6595  37.287  8.54  1.65  18517
1984-05-17 09:01:05.3200  121.6588  37.2853  8.82  0.98  18709
1984-05-20 01:57:02.4200  121.6592  37.2857  9.47  0  18991
1984-05-28 20:04:59.8000  121.6585  37.2873  8.44  1.64  19605
1984-07-01 13:36:14.2600  121.6572  37.287  9.04  1.4  21868
1984-09-14 23:50:59.9700  121.6592  37.2867  9.01  1.11  27921
1984-11-11 20:25:29.6800  121.6587  37.2852  8.75  0.74  31759
1985-01-14 21:54:45.5600  121.6582  37.2873  9.35  1.02  37558
1985-04-11 23:28:10.3900  121.6603  37.2878  9.44  0.68  45975
1985-04-20 21:10:29.2200  121.6602  37.286  9.01  1  46495

2003-02-26 11:29:51.3200  121.661  37.2773  1.35  1.14  21269096
2005-07-23 19:38:53.9200  121.66  37.2755  1.42  1.13  21471444
2007-02-04 15:57:36.0700  121.6595  37.2752  1.3  0.89  71010375

1984-05-05 16:31:08.5000  121.656  37.2765  6.64  0.72  18972
1984-05-23 01:16:32.0700  121.652  37.2765  5.9  0.84  19200
1984-08-13 00:38:06.1500  121.6527  37.2757  6.44  0.83  25458
1984-11-03 09:57:21.0400  121.6535  37.2748  5.39  0.83  31275
1985-03-06 07:50:50.5800  121.6538  37.2753  5.51  1  42966
1988-11-17 00:18:32.2400  121.6533  37.2755  5.9  0.95  127051
1989-10-04 04:02:25.1200  121.654  37.2753  5.24  0.69  144962
1993-12-10 14:05:09.0200  121.6547  37.2752  5.89  1.01  30037237

1984-12-02 10:36:49.0400  121.6545  37.2902  5.47  1.84  36078
1984-12-02 11:04:16.0200  121.654  37.2895  5.9  2.23  36079

1984-04-25 04:03:25.7000  121.6523  37.28  8.63  1.59  16519
1984-04-26 09:23:24.8900  121.6557  37.2822  7.66  1.6  16881
1984-04-30 01:13:20.9900  121.6545  37.2825  7.83  2.23  18618
1984-06-04 03:22:05.2400  121.6543  37.283  8.08  2.29  20087
1985-02-23 22:02:58.4700  121.6542  37.2828  7.75  2.17  42018
1985-12-10 08:15:10.2700  121.6545  37.2817  8.61  0.69  61057
1985-12-10 08:16:59.7400  121.6557  37.2825  8.37  1.83  61058
1985-12-10 08:19:02.2200  121.654  37.2813  8.45  1.28  61059
1988-07-15 12:19:38.6800  121.6553  37.2818  8.45  1.34  120407
1990-08-02 20:09:03.9300  121.6538  37.2823  8.49  1.96  162054
1993-08-14 20:00:18.4800  121.6543  37.2828  8.21  2.24  374866

1984-05-01 11:52:03.0700  121.6602  37.2808  5.36  2.03  17188
1984-05-13 15:17:48.8500  121.6587  37.2802  4.98  1.86  18329
1984-06-07 10:26:42.4000  121.6587  37.2805  5.36  1.81  20317
1984-07-18 02:45:16.2800  121.6587  37.281  5.41  1.79  23037
1984-09-26 03:14:14.6900  121.6583  37.28  5.47  1.78  28605
1985-01-09 07:00:17.2600  121.6595  37.2807  5.5  1.8  36790
1985-07-03 02:29:33.9500  121.6587  37.2808  5.34  1.85  50545
1986-04-03 23:03:06.2500  121.6583  37.2807  5.4  1.82  69370
1987-01-22 18:14:58.5000  121.6587  37.2805  5.82  1.82  93011
1988-02-26 14:51:45.7300  121.659  37.2805  5.76  1.69  112938
1989-07-05 10:44:05.8300  121.6587  37.2805  5.85  1.8  139447
1990-10-15 21:32:45.4600  121.6588  37.2805  5.18  1.85  165369
1992-07-08 04:28:31.3500  121.6592  37.2808  5.63  1.74  303219
1997-04-16 11:58:58.1200  121.6588  37.2807  5.74  1.83  501481
2000-03-16 08:32:19.7400  121.6592  37.2812  5.94  1.83  21086851
2003-12-17 16:55:29.9200  121.6572  37.2807  4.94  1.84  21322946
1994-10-11 15:33:54.6900  121.6578  37.2807  5.06  1.76  30060300
2011-10-31 12:55:01.4700  121.658  37.2812  5.98  1.73  71673506

1984-05-01 16:44:32.6500  121.6537  37.2792  8.91  1.14  17214
1984-05-22 14:01:17.7000  121.6537  37.2788  8.22  1.42  19122

1984-05-01 11:56:15.4600  121.6547  37.2805  8.6  1.09  17190
1984-04-25 06:56:01.8000  121.653  37.2795  8.76  1.03  17848
1984-05-08 23:41:31.0100  121.6542  37.281  9.17  1.17  17904
1984-05-22 02:01:32.4100  121.6543  37.283  9.02  1.21  19096
1984-07-13 10:22:28.0700  121.6538  37.28  8.71  0.99  22653

1988-03-24 12:22:11.0500  121.6533  37.2822  6.24  0.62  114484
1988-05-26 23:02:40.3700  121.656  37.2798  6.18  0.96  117983

1984-05-02 22:58:40.1100  121.6657  37.2852  2.63  1.83  17356
1984-10-10 07:11:53.5600  121.6667  37.2842  3.03  2  29752
1985-05-05 16:50:05.3500  121.6657  37.2858  2.55  0.96  47288
1985-06-08 04:58:49.2600  121.6677  37.2862  2.72  0.69  49151
1985-07-17 13:58:37.4100  121.6672  37.287  2.84  1.08  51288
1986-02-11 11:50:00.0100  121.6678  37.2862  2.67  1.55  66201
1986-02-11 10:37:16.3200  121.6675  37.285  3.05  1.46  66346
1986-10-14 15:13:47.0400  121.6655  37.2852  2.8  1.47  85669
1987-11-16 23:19:08.4100  121.666  37.2845  2.91  2.04  108512
1988-11-12 18:11:57.0800  121.6675  37.2857  2.79  1.11  126901
1989-07-19 08:51:58.8900  121.668  37.2857  2.89  1.3  140303
1990-01-31 05:08:46.7000  121.6667  37.2853  2.74  1.5  151583
1990-04-11 05:35:18.8000  121.6655  37.2848  2.93  1.42  155780
1991-08-12 09:56:03.0300  121.667  37.2853  2.96  1.53  227542
1991-10-22 17:04:16.8300  121.6665  37.2852  2.92  1.57  234881
1992-03-04 13:13:05.6100  121.6663  37.2858  2.86  1.34  253921
1992-07-17 09:51:48.8800  121.6668  37.2857  2.83  1.08  304374
1994-04-16 13:10:51.7300  121.6668  37.285  3.07  2.05  400563
1996-11-20 12:25:41.5700  121.6663  37.285  3.02  2.04  485145
2003-10-23 13:43:34.0000  121.6613  37.286  2.97  1.57  21314497
2003-10-25 03:38:18.9600  121.6642  37.2857  2.12  1.54  21314836
2004-08-18 06:30:16.0100  121.6643  37.2853  2.83  1.14  21389652
2006-02-08 23:03:37.0000  121.6638  37.2858  3.05  1.52  21505519
2006-09-26 19:29:59.6100  121.6633  37.2847  2.35  1.68  21539024
2009-09-02 15:32:52.9800  121.6658  37.286  3.26  1.47  71274601
2009-11-05 15:56:38.0400  121.6643  37.2837  3.3  1.84  71305495

1985-01-06 14:24:52.9900  121.66  37.2862  8.3  2.15  36441
1985-07-11 02:04:38.7400  121.6602  37.288  8.37  1.53  50895
1986-12-21 06:38:19.3700  121.6595  37.2875  8.55  0.98  90703
1988-02-12 18:39:20.6500  121.6595  37.2885  8.76  1.38  112208
1991-05-25 00:53:12.4900  121.66  37.2878  7.91  1.42  215210
1995-09-06 07:11:59.2100  121.661  37.2875  7.64  1.5  30082917

1984-05-10 05:07:03.8000  121.6578  37.2848  8.73  1.21  17993
1984-06-02 22:11:16.2500  121.6615  37.288  9.36  0.95  20006
1984-07-11 03:59:29.4700  121.661  37.2875  9.28  0.73  22513

2006-06-19 17:50:51.7300  121.6557  37.2782  6.22  2.11  21523131
1998-07-05 18:34:26.3500  121.6545  37.2775  6.56  2.34  30183142

1984-04-25 14:06:55.2900  121.6628  37.287  5.24  1.72  16576
1984-04-27 19:03:12.7800  121.6627  37.287  5.62  1.36  16802
1984-05-03 23:10:50.6500  121.6633  37.288  5.9  1.14  17669

1984-04-26 06:59:16.6700  121.6552  37.276  6.02  2.72  16646
1986-06-14 20:31:44.0200  121.6553  37.2767  6.47  2.69  74716

1984-04-27 10:48:52.6000  121.6605  37.2827  5.42  1.37  16765
1984-04-30 03:12:22.4400  121.6607  37.2832  5.54  1.35  17029

1984-06-05 03:19:18.9800  121.6517  37.2815  10.45  0.55  20137
1984-07-15 06:21:33.1300  121.6525  37.2792  10.2  1.3  22733

1984-06-14 10:25:41.2000  121.6675  37.2842  1.29  1.24  20832
1984-12-12 21:46:07.8300  121.6643  37.2838  1.03  1.21  34059
1985-07-19 15:11:40.4800  121.6697  37.2852  1.24  1.09  51407
1986-07-03 16:24:15.4100  121.6667  37.2833  1.3  1.09  75842
1987-09-03 23:13:13.7900  121.6645  37.2823  1.25  1.04  105310
1989-01-08 07:07:22.0600  121.6708  37.2845  1.39  1.17  129650
1990-08-20 12:05:21.5900  121.6647  37.282  1.31  1.26  162939
1992-04-27 10:47:46.0800  121.6678  37.2845  1.3  1.21  268375
1995-04-08 15:08:32.6800  121.6658  37.2832  1.43  0.98  30071210

2000-11-11 17:33:13.8700  121.6683  37.2863  2.36  1.54  21133744
1998-06-03 08:23:24.2900  121.6668  37.2853  2.28  1.58  30176912

1984-08-28 10:32:00.1500  121.6678  37.2852  2.32  0.95  26540
1985-03-08 18:59:22.8500  121.6662  37.2848  2.33  1.03  43279
1987-06-26 13:32:33.9200  121.6648  37.2862  1.94  1.09  102381
1989-04-27 07:51:49.2600  121.668  37.285  2.44  1.22  135187
1992-12-06 06:21:10.2600  121.6667  37.2853  2.27  1.15  327953

1984-11-17 07:31:59.6100  121.6533  37.283  8.65  1.27  32084
1985-09-09 12:28:50.8500  121.654  37.2833  7.98  1.42  54794

1984-06-30 16:13:55.3100  121.6538  37.2722  3.76  0.61  21830
1984-09-21 06:14:13.8700  121.653  37.2713  2.73  0.65  28339
1984-11-26 10:19:54.8500  121.6537  37.2725  3.25  0.88  34883
1985-02-09 11:57:36.7600  121.654  37.273  2.93  0.83  40405
1987-01-25 15:49:42.4600  121.6565  37.2732  3.75  0.74  93178
1987-08-18 06:32:48.5700  121.6527  37.2712  2.96  0.8  104739
1988-11-18 23:12:07.9400  121.654  37.2725  3.48  0.77  127173
1989-08-06 17:01:58.1500  121.6557  37.2715  3.14  0.8  141655
1991-03-22 23:16:46.9800  121.6533  37.2725  3.64  0.83  208384
1992-01-22 02:36:10.8100  121.6528  37.2727  2.84  0.83  246844
1993-03-09 05:28:51.8700  121.6542  37.2728  3.04  0.92  339558
1994-01-28 21:18:46.5600  121.65  37.2723  2.97  0.92  392865
1999-09-12 12:40:30.2800  121.655  37.2728  3.85  1.14  21052192
1996-03-31 11:29:50.8900  121.6538  37.2715  3.11  1.14  30101336

1984-12-10 07:45:41.1000  121.665  37.2863  3.9  1.45  33786
1986-01-30 03:31:43.1500  121.6665  37.2872  3.92  1.41  65047
1990-01-19 09:24:07.7500  121.666  37.2865  3.97  1.36  150901
1992-11-05 12:35:04.8000  121.6653  37.2868  4.16  1.38  322432

1984-12-31 05:50:43.4100  121.6573  37.2757  3.21  1.4  38261
1986-08-28 07:55:58.4100  121.6582  37.2755  3.17  1.14  80481
1986-08-28 05:58:40.4300  121.6578  37.276  2.9  0.76  80589
1987-07-12 08:21:36.4800  121.6575  37.2755  3.26  1.27  103000
1989-08-03 20:19:29.1000  121.658  37.2757  3.21  1.27  141516
1995-11-11 20:00:50.1000  121.6575  37.2757  3.29  1.56  30089557
1995-11-11 20:16:37.6700  121.6565  37.2753  3.24  1.4  30089560

2002-02-12 23:30:35.3900  121.6568  37.2765  3.72  1.46  21212529
2005-02-20 23:14:30.7100  121.6568  37.276  3.27  1.51  21440896
2008-02-21 18:46:55.5900  121.656  37.2762  2.6  1.11  51196849
2012-04-01 19:42:34.7700  121.6555  37.2757  2.67  1.3  71756895

1985-07-04 03:06:04.5000  121.6665  37.288  3.03  1.1  50591
1987-06-20 16:35:33.6900  121.6668  37.2872  3.02  0.84  102139

1985-02-06 22:57:35.2600  121.6608  37.2838  2.44  0.89  40125
1986-01-25 07:41:00.5800  121.6648  37.2822  2.4  0.99  64410
1987-12-08 22:37:10.7900  121.6648  37.282  2.38  0.92  109678
1989-09-08 14:12:22.7000  121.6625  37.2812  1.96  1.08  143748
1992-01-16 14:48:47.1700  121.6622  37.2815  2.52  1.03  244825

1985-09-21 15:48:05.5300  121.6577  37.2755  0.06  0.69  55559
1986-02-09 09:15:42.8900  121.6612  37.282  2.94  0.82  66011
1987-04-16 05:17:51.5600  121.6622  37.2807  2.93  0.79  98680
1988-01-10 00:36:37.3700  121.6613  37.2802  2.96  0.83  110682

2003-01-16 18:49:46.3100  121.6612  37.281  3.28  1.14  21263813
2005-07-14 08:27:47.7100  121.661  37.2803  3.62  1.21  21468985
1998-09-07 16:55:16.3000  121.6607  37.2825  3.15  1.24  30195373
2011-01-11 21:32:06.5800  121.6592  37.281  3  0.92  71508655

2007-05-20 14:10:17.0900  121.6668  37.2855  2.16  1.43  51182102
2010-01-14 19:51:46.2600  121.6652  37.2858  1.5  1.21  71340381

1986-07-18 13:29:03.0400  121.6687  37.2858  1.96  1.27  76671
1988-03-25 16:54:46.8300  121.6687  37.286  1.96  1.31  114511
1990-08-13 12:48:34.6200  121.6693  37.2857  2.08  1.41  162569
1993-03-26 20:17:25.6400  121.6688  37.286  2.1  1.24  341418
1995-05-25 12:09:53.9600  121.6665  37.2872  2.04  1.37  30073807

1984-04-29 07:31:25.1300  121.664  37.2827  2.66  0.97  16929
1984-10-06 18:34:48.6900  121.6657  37.2828  3.45  1.09  29505
1988-04-13 13:18:59.2600  121.6638  37.2817  3.23  0.93  115619
1989-07-18 10:00:49.2600  121.6643  37.2823  2.73  1.07  140234
1992-06-20 01:39:07.2000  121.6625  37.2817  3.78  1.04  297992
1994-02-13 00:20:54.3300  121.6628  37.2822  2.87  1.04  394670
1995-12-15 18:08:37.8900  121.661  37.2818  2.86  1.17  30092053

1985-07-27 03:10:52.2600  121.6633  37.2797  0.7  0.91  51876
1987-04-18 08:24:07.9700  121.6685  37.2837  1.68  0.89  98799

1984-04-25 10:24:47.5200  121.6583  37.281  5.49  0.95  16558
1984-04-29 14:00:19.6300  121.6593  37.2818  5.84  0.96  16954
1984-05-08 16:33:03.5200  121.6588  37.282  5.5  0.95  17872

1984-04-25 10:47:20.9800  121.6557  37.2773  5.91  1.09  16560
1984-05-31 01:09:44.3700  121.6578  37.278  5.49  1  19774
1984-10-16 20:02:30.2200  121.6563  37.2783  5.68  1.11  30182
1984-05-02 11:17:11.9500  121.6582  37.2782  6.04  1.15  1114726

1984-05-01 09:34:37.1500  121.6553  37.2778  5.35  0.46  17181
1984-05-01 21:44:20.0500  121.6557  37.2782  6.05  0.97  18916
1984-07-27 06:02:47.8100  121.6568  37.2782  6.42  0.36  24223
1985-03-16 18:17:34.9900  121.656  37.2783  6.03  0.77  43919
1985-09-14 19:14:58.4500  121.6555  37.2787  5.94  0.83  55102
1986-05-21 23:00:13.9300  121.651  37.272  5.08  0.94  73145
1987-12-28 18:19:58.8500  121.6547  37.2777  5.85  0.69  110300
1988-11-19 17:41:38.8800  121.656  37.2787  5.7  1.15  127189

1984-05-15 20:15:58.6800  121.653  37.2747  5.59  0.72  18519
1985-01-11 08:26:50.1400  121.6527  37.2727  5.03  0.74  36995

1984-07-12 09:43:28.4400  121.6633  37.2835  2.92  0.66  22583
1985-03-13 12:47:25.8200  121.6633  37.283  3.54  0.69  43687

1989-11-22 12:49:37.8200  121.6642  37.2843  3.74  0.78  147858
1993-04-22 07:59:16.5600  121.6635  37.2838  3.52  0.76  346255

1985-06-15 15:55:33.2200  121.655  37.272  3.33  0.84  49595
1988-05-02 04:01:01.8300  121.6533  37.2703  2.85  0.46  116504
1990-07-10 00:42:04.8900  121.6525  37.2712  3.18  0.85  160741

2002-05-22 00:36:15.2400  121.6545  37.2737  3.66  1.14  21226694
2003-07-02 07:13:05.5700  121.6687  37.2792  3.03  1  21290480
