start time                lon       lat      depth  mag
1984-05-06 14:37:46.4900  121.6812  37.3097  5.92  1.67  17618
1984-06-05 04:01:20.2600  121.684  37.3102  6  1.44  20138
1984-08-06 05:54:31.8100  121.6833  37.31  5.83  1.66  25016
1984-11-22 14:50:20.5100  121.682  37.3093  5.69  1.51  32330
1985-06-07 14:09:39.9800  121.6832  37.31  5.82  1.54  49119
1986-02-18 03:03:28.2300  121.6837  37.3098  5.41  1.56  67470
1987-01-14 22:27:29.6100  121.6832  37.3098  6.04  1.46  92493
1988-02-05 18:04:58.6500  121.6817  37.31  5.62  1.38  111879
1989-06-08 18:57:48.4500  121.6833  37.31  5.9  1.31  137720
1991-03-05 08:26:31.9700  121.6818  37.3087  5.62  1.66  207564
1993-06-23 05:40:09.1600  121.6825  37.3097  5.75  1.44  357233
2001-08-02 12:00:17.9400  121.6788  37.308  6.49  1.52  21186197
2004-05-31 06:59:20.5300  121.6823  37.3107  3.8  1.52  21367788
1995-12-03 21:51:08.9600  121.6828  37.3098  5.98  1.52  30091212
1998-07-09 09:34:14.5600  121.6828  37.31  6.19  1.61  30183638

1984-08-04 12:26:29.7300  121.6793  37.3112  7.99  1.58  24931
1984-09-07 19:22:28.9700  121.6785  37.3103  8.4  1.42  27620

1984-09-01 15:02:06.4000  121.6933  37.3232  8.11  0.63  26915
1985-03-22 23:46:24.0800  121.6947  37.3302  9.43  0  44549

1984-05-13 13:35:56.2800  121.6902  37.3185  7.44  1.08  18326
1984-06-09 12:57:03.3800  121.691  37.321  7.46  1.45  20513
1984-08-06 21:07:01.5700  121.6882  37.3197  5.89  1.47  25065
1984-09-05 16:01:02.6400  121.6918  37.3207  8.08  1.18  27369
1984-12-25 12:33:52.2200  121.6895  37.3197  7.53  1.11  35364
1985-01-28 08:02:33.1900  121.6897  37.3187  7.59  1.06  39080
1985-03-23 10:45:02.5900  121.6897  37.3195  7.7  1.13  44567

1984-04-25 00:44:29.3700  121.6867  37.315  6.84  1.75  17565
1984-05-06 09:09:38.6700  121.6852  37.3137  7.1  1.22  17600
1984-09-13 19:05:49.3900  121.6847  37.3143  8.25  1.11  27871
1984-10-19 02:11:30.4500  121.6902  37.318  8.2  0  30310
1985-03-11 20:37:15.4400  121.6847  37.3142  7.21  1.06  43619
1985-12-01 10:16:24.1300  121.6843  37.3142  7.22  1.12  60352
1986-07-07 17:28:08.7000  121.686  37.3142  7.41  0.97  75972
1986-11-25 10:10:57.8900  121.6852  37.315  8.02  0.83  88696
1987-05-17 10:13:41.5500  121.6863  37.3142  7.57  0.83  100643
1988-07-23 14:36:14.9600  121.687  37.315  7.73  0.93  120795
1989-01-08 01:20:39.5400  121.6852  37.3137  6.89  0.93  129645
1989-07-05 13:45:39.1100  121.6837  37.3147  8.31  0.93  139460
1990-02-10 13:38:13.2700  121.6857  37.3147  7.82  0.76  152208
1991-06-02 14:29:02.7100  121.686  37.3155  8.14  1.01  217481
1992-04-04 22:22:09.1400  121.686  37.3145  7.96  1.01  261799
1997-06-15 20:38:36.2600  121.686  37.316  8.55  1.32  508691
1999-09-04 11:35:57.5900  121.686  37.3155  8.35  1.14  21050168
1993-11-09 15:40:51.7800  121.6863  37.3143  7.8  0.71  30034423
1996-04-03 03:50:26.5200  121.6855  37.315  8.22  1.14  30101843

1984-07-11 23:00:14.7300  121.693  37.3242  6.32  1.1  22566
1984-10-29 23:57:57.4300  121.6938  37.3243  6.8  1.09  30963
1985-03-03 00:49:31.0400  121.6938  37.324  6.06  1.54  42785
1985-09-29 08:27:03.6900  121.6958  37.3255  7.66  0.86  55973
1987-06-19 19:16:04.7200  121.6938  37.3247  7.1  1.37  102112
1993-01-23 18:36:48.8300  121.693  37.3242  6.48  1.28  333924
2002-04-11 15:09:31.2500  121.6947  37.325  6.26  1.37  21221041
1996-02-16 17:13:39.0600  121.6948  37.3243  7.14  1.48  30097139
1998-08-30 10:50:08.9300  121.6943  37.3252  7.43  1.51  30193961

1988-06-17 02:24:32.0600  121.699  37.3308  7.51  0.72  119112
1988-06-30 14:42:27.0600  121.701  37.3307  7.67  0.71  119735

1985-05-09 01:27:57.3900  121.6872  37.315  7.06  0.63  47491
1987-01-19 14:33:38.3200  121.686  37.3143  9.56  0.96  92820

1984-12-20 09:23:57.0100  121.6963  37.3268  7.13  0.99  35884
1984-12-20 09:43:42.4700  121.696  37.3265  6.32  1.5  35886
1985-02-17 04:47:57.0300  121.6957  37.327  6.88  0.91  41210
1987-01-30 03:37:27.0600  121.6952  37.3272  6.82  2.22  93575
1988-05-12 13:34:54.5900  121.6958  37.3268  6.68  1.87  117082

1986-01-20 17:15:16.0600  121.6975  37.3282  7.16  0.67  64020
1987-01-30 03:49:33.0700  121.6968  37.328  7.32  0.84  93576
1987-02-08 02:12:57.2500  121.6968  37.328  6.93  0.87  94164
1988-02-08 19:09:48.5900  121.6977  37.328  7.47  0.97  111990

2001-03-29 06:51:38.8300  121.6983  37.3312  7.01  2.11  21155727
2003-03-26 00:53:32.0100  121.6998  37.3313  6.69  2.27  21272560

1985-07-13 21:52:49.7900  121.6955  37.3275  5.13  0.97  51075
1987-06-17 12:36:28.0400  121.696  37.3258  5.15  0.98  102016
1988-08-02 21:24:16.9700  121.6972  37.3255  4.92  1.03  121597
1989-10-28 15:52:13.7900  121.697  37.3257  5.14  0.92  206588
2000-05-29 20:44:37.5600  121.698  37.3272  5.59  1.29  21100887
2002-10-28 22:09:10.9900  121.6967  37.326  5.56  1.14  21252196
1994-11-21 07:12:34.6100  121.6947  37.3247  4.7  1.04  30063006

1984-09-12 23:02:00.0600  121.6922  37.3177  4.33  1.21  27831
1985-01-24 18:35:13.0900  121.6927  37.3185  4.23  1.11  38654
1988-01-11 13:24:00.4300  121.6917  37.3183  3.94  1.34  110760
1990-07-12 02:49:22.3900  121.6923  37.3188  3.89  1.41  160891
1991-06-16 05:55:12.0600  121.6917  37.3193  3.71  1.38  220323
1992-05-30 08:43:34.1200  121.6925  37.3185  4.52  1.24  282855
1994-04-19 14:56:24.0000  121.6918  37.319  3.74  1.33  400754
1997-12-30 11:02:53.0800  121.6895  37.3188  4.01  1.51  547283
2002-02-14 06:36:59.9200  121.6918  37.3192  4.94  1.5  21212712
1995-07-23 08:28:10.6400  121.6918  37.3182  4.16  1.45  30077881
1996-05-07 15:59:32.1400  121.6965  37.3258  6.38  1.14  30105606

2005-04-08 05:46:39.3200  121.6925  37.3218  5.42  1.67  21448992
2007-10-21 09:09:40.3200  121.6913  37.3227  5.21  1.53  40204084
2009-07-28 13:52:09.6100  121.6925  37.322  5.15  1.52  71255591
2011-07-07 09:52:48.5200  121.692  37.323  5.26  1.55  71597030
2013-07-19 09:58:12.3300  121.6923  37.3213  5.09  1.5  72029390
2015-09-22 09:57:36.1000  121.6932  37.3208  4.86  1.41  72527401

2005-03-09 21:47:33.5600  121.6978  37.3268  5.42  1.14  21444299
2008-03-31 11:30:41.9000  121.6937  37.3257  5.41  1.04  51199449

1985-03-26 23:02:04.4300  121.6867  37.3147  6.69  1.23  44790
1986-04-21 22:42:17.6700  121.6828  37.3142  5.73  1.25  70800
1988-05-20 16:25:36.0000  121.6862  37.3143  6.28  1.37  117621
1990-04-13 03:40:54.8900  121.6847  37.3142  6.1  1.43  155874
1992-05-31 11:19:14.9400  121.6862  37.3135  5.9  1.37  283184
2000-07-22 20:29:23.0800  121.6862  37.3145  6.06  1.35  21111537

1985-01-28 14:59:45.9700  121.6725  37.3352  6.26  0.8  39300
1985-02-04 05:38:15.9500  121.6702  37.335  5.68  0.52  39781

1984-04-29 23:54:24.6000  121.66  37.343  0.81  1.58  17012
1987-05-08 19:27:35.5600  121.6628  37.3428  1.31  1.56  100064

1984-12-09 14:58:51.7200  121.6917  37.3212  6.32  0.86  33830
1985-04-04 08:24:26.0000  121.692  37.3213  6.2  0.66  45375
1985-08-07 03:42:48.6700  121.6912  37.3233  6.18  0.92  53128
1986-01-18 08:49:22.5500  121.692  37.3207  5.54  0.81  63859
1986-08-02 20:11:33.7500  121.6918  37.3205  5.91  0.77  78047
1987-08-15 15:36:46.8300  121.6923  37.3213  6.16  0.9  104643
1988-03-20 00:49:28.0200  121.6928  37.3217  6.32  0.84  114166
1988-10-07 19:52:52.1200  121.6918  37.3212  6.71  0.96  125282
1990-01-28 13:17:32.4100  121.6923  37.3212  5.44  0.98  151395
1990-11-05 06:22:19.8300  121.6923  37.3202  5.81  0.81  202512
1992-04-22 23:20:31.4900  121.6948  37.3218  6.58  1.01  266405
1994-01-19 17:32:20.4300  121.6935  37.3228  6.56  1.01  391838
1997-12-16 18:21:23.5100  121.6918  37.3215  6.29  1.21  544217
2000-04-17 20:58:47.2000  121.6922  37.3223  6.21  1.21  21092526
1995-02-10 11:05:29.8700  121.6922  37.321  6.56  1.01  30067784

1986-01-22 12:43:54.7500  121.6618  37.3383  2.79  1.1  64117
1986-06-03 10:22:56.7500  121.6667  37.3367  2.84  0.93  73925

1988-11-30 12:20:44.7600  121.693  37.3118  0.78  1.06  127820
1993-01-10 22:36:33.1300  121.6932  37.3125  1.11  1.17  331639
1999-04-25 22:54:46.4700  121.6922  37.3128  1.31  1.21  21009333
2004-09-04 14:34:38.9800  121.6895  37.3112  1.67  1.14  21393406
1995-12-02 02:40:11.5300  121.6902  37.3118  1.68  1.18  30091056

1984-04-25 08:56:03.3100  121.6857  37.3135  6.5  1.43  16549
1984-04-27 03:18:01.7500  121.6863  37.3145  6.44  1.22  16735

1984-05-29 11:40:35.6700  121.6853  37.3247  6.26  0.54  19649
1988-02-19 19:12:00.3700  121.6863  37.3175  8.66  0.69  112555
1993-12-25 20:48:13.5500  121.6847  37.3248  5.91  0.71  389678
1989-10-30 07:18:34.0400  121.687  37.3177  7.68  0.83  20092296
2000-08-25 16:33:37.9800  121.689  37.3202  7.83  0.93  21121643

1985-08-28 16:32:15.2500  121.6922  37.3223  6.47  2.17  54071
1991-04-18 07:09:43.8200  121.6915  37.3217  6.78  2.04  210783
2006-06-07 02:29:40.1000  121.6902  37.32  6.53  2.09  21521011
1995-08-16 00:23:00.9700  121.6925  37.3228  6.06  2.07  30080223
2008-10-29 01:14:45.0700  121.69  37.3213  7.34  2.18  51210280

1984-03-19 10:55:13.9900  121.7005  37.3238  4.47  0.83  11135
1986-01-08 09:47:44.0100  121.6968  37.3238  4.4  0.98  63088
1989-01-18 15:54:11.1400  121.6973  37.3235  4.22  1.08  130102
1993-06-26 00:32:09.6600  121.6943  37.3232  3.54  1.08  359328

2010-07-11 23:18:26.3400  121.6827  37.314  7.23  0.93  71423480
2010-11-09 14:15:55.7900  121.6858  37.3145  6.67  1.08  71486361

1990-02-24 23:24:54.0500  121.681  37.3098  7.56  2.32  153108
2001-07-25 13:06:53.7500  121.6802  37.3098  7.89  2.37  21183694

2005-07-05 06:09:11.2700  121.6795  37.3152  9.24  2.97  21467347
2013-08-05 23:23:43.6400  121.681  37.3168  8.01  2.9  72043816

1984-10-27 13:32:52.4300  121.6902  37.3103  1.54  0.95  30776
1985-08-29 03:01:34.7200  121.6882  37.311  2.63  0.98  54098
1988-12-17 08:36:51.6300  121.6873  37.3092  2.79  1.08  128738
1991-11-14 18:33:32.7500  121.6897  37.3105  2.3  0.99  237541
1993-06-21 01:37:22.1200  121.6872  37.3113  2.86  1.05  356555

1984-04-29 05:13:18.3800  121.6823  37.309  5.87  1.26  16918
1984-05-11 19:08:16.0700  121.6823  37.309  5.77  1.22  18231
1984-06-05 08:59:47.0100  121.6832  37.3093  5.97  1.24  20149
1985-06-07 19:31:12.2400  121.6818  37.309  5.89  1.45  49174
1987-02-05 09:33:05.2100  121.6823  37.3085  5.83  1.35  93959
1988-05-17 22:50:46.9800  121.6835  37.31  6.77  1.09  117446
1989-10-11 08:04:49.1100  121.6828  37.3095  6.88  1.04  145281
1990-10-11 20:55:24.4300  121.6822  37.3093  6.27  1.25  165187
1995-03-03 19:20:09.7100  121.6817  37.3097  6.54  1.01  30069243

1984-05-29 06:43:01.7900  121.6827  37.3115  9.3  0.82  19634
1984-06-30 04:05:54.4100  121.6815  37.3113  9.34  1.02  21814
1984-07-04 01:15:02.2800  121.6803  37.3105  8.16  1.35  22072
1984-08-17 21:16:44.0400  121.6813  37.3105  8.48  1.01  25829
1984-09-21 00:44:10.1800  121.6807  37.3108  8.57  1.26  28364
1984-11-12 15:44:10.4000  121.681  37.3113  9.38  0.97  31815
1985-01-16 02:00:30.1500  121.6808  37.3103  8.41  1.12  37608
1985-02-05 23:40:52.5900  121.6753  37.3103  10.09  0.54  40050
1985-06-30 02:13:44.4900  121.6833  37.3117  9.33  0.96  50361
1985-07-13 19:27:16.0000  121.6818  37.3095  8.44  1.11  51071
1986-01-18 03:36:03.8100  121.6812  37.3115  9.19  0.87  63851
1986-03-10 15:07:10.3400  121.6817  37.3107  8.27  1.3  67881
1986-10-12 07:52:17.9800  121.682  37.3112  9.59  0.7  85496
1986-11-22 12:39:24.3200  121.6818  37.3122  9.31  0.95  88524
1987-09-15 11:33:27.5500  121.6798  37.3103  9.37  0.69  105831
1988-04-21 15:34:17.9700  121.6802  37.3113  9.35  1.21  116056
1988-09-05 20:28:17.9700  121.6812  37.3122  9.72  0.7  123389
1989-10-26 10:55:45.5600  121.6827  37.3118  7.46  1.23  210954
1993-04-08 01:19:57.2500  121.6838  37.312  8.42  1.28  344152
1999-09-11 02:31:53.8100  121.6815  37.3123  8.83  1.29  21051892
1994-11-24 14:55:58.3100  121.6817  37.3113  8.66  1.14  30063286

1984-09-21 23:46:31.2100  121.6937  37.3145  1.85  1.45  28407
1986-01-02 07:21:21.3800  121.6942  37.314  1.78  1.52  62589
1987-08-31 09:44:45.5600  121.6918  37.3143  2.23  1.53  105194
1989-03-14 03:33:05.0200  121.6927  37.3148  2.11  1.49  132807
1990-09-08 22:48:26.7800  121.692  37.3147  1.91  1.46  163829
1992-07-12 18:42:56.5500  121.6935  37.3147  2.17  1.46  303809
1997-11-26 10:21:23.7900  121.6925  37.3152  2.26  1.63  538407
1994-09-11 00:37:45.8200  121.6923  37.3143  1.63  1.44  30057017

1984-05-22 05:29:15.6200  121.695  37.3247  7.65  0.77  19103
1984-07-05 23:59:00.4800  121.6932  37.3223  8.13  0.63  22204
1984-12-26 20:06:44.6300  121.6943  37.323  7.78  0.66  37655
1985-04-06 19:40:18.7000  121.6938  37.3228  7.77  0.6  45842
1985-06-01 08:03:32.6600  121.6925  37.3227  7.99  0.63  48840
1985-08-30 19:47:54.3700  121.6917  37.3237  7.75  0.78  54434
1985-11-04 16:25:36.3300  121.6937  37.3237  8  0.71  58299
1985-02-03 00:53:44.7000  121.6888  37.329  7.86  0.65  1125585

1989-08-30 05:02:36.3700  121.6988  37.3247  9.05  0  143320
1990-01-07 12:15:37.3800  121.6935  37.3257  9.38  0  150379

1984-05-01 19:55:54.7700  121.7002  37.3325  6.76  1.69  17237
1984-06-17 15:12:46.4500  121.6992  37.3317  7.06  1.63  21050
1984-07-24 06:14:25.9400  121.6988  37.3315  7.02  1.44  23761
1984-10-22 12:39:20.2000  121.6985  37.3295  6.84  1.44  30517
1985-01-09 02:06:00.7400  121.6995  37.3303  7.25  0.97  36748
1985-05-01 11:25:41.7100  121.694  37.331  6.85  0.69  47020
1985-05-01 11:27:46.3700  121.6988  37.3308  7.3  1.53  47021
1985-05-01 11:32:28.2700  121.6985  37.3305  7.12  1.6  47022
1985-08-30 05:55:28.4600  121.6992  37.3303  7.61  1.27  54249
1985-11-04 08:02:56.3800  121.6972  37.3288  6.87  0.83  58223
1985-11-25 08:44:30.9400  121.698  37.3302  8.06  1  59862
1985-11-25 08:28:33.2700  121.6992  37.332  7.22  0.78  60112
1986-01-07 21:19:34.2700  121.698  37.33  7.06  0.8  63065
1986-03-16 13:39:20.2800  121.6988  37.3305  6.93  1.32  68163
1986-10-25 18:28:13.5700  121.6995  37.3317  7.2  1.51  86488
1986-10-25 19:09:33.7600  121.7002  37.3308  8.05  0.72  86576
1987-02-18 10:10:56.4900  121.6975  37.33  7.14  0.8  94972
1987-02-18 10:42:20.4800  121.699  37.3305  7.22  1.02  94973
1987-04-20 22:10:03.4700  121.6977  37.3308  7.44  1.27  98970
1987-08-14 03:28:31.0700  121.6982  37.3297  7.03  0.83  104512
1987-08-14 03:32:10.2600  121.701  37.3313  7.6  0  104546
1987-10-05 15:46:57.4500  121.701  37.3318  7.51  0.72  106780
1987-11-18 05:45:33.6800  121.6995  37.3317  6.88  1.48  108569
1988-05-13 07:29:07.1400  121.6997  37.3318  7.11  1.4  117129
1988-05-13 13:03:09.4400  121.6997  37.3308  7.48  0.84  117161
1988-12-23 02:17:10.4800  121.6997  37.3303  7.68  1.22  129085
1989-03-24 14:06:05.2700  121.6993  37.3303  7.89  1.42  133352
1989-09-19 05:51:38.0700  121.6985  37.3308  7.86  0.87  144412
1989-09-19 06:09:40.0300  121.6985  37.3305  7.24  1.02  144416
1990-05-14 16:09:08.4500  121.6985  37.332  6.66  1.46  157654
1990-07-15 18:35:48.9000  121.6995  37.3313  8.53  0.96  161095
1990-11-06 17:39:11.1500  121.7  37.3322  7.34  1.68  200193
1990-12-02 17:42:51.8400  121.699  37.3297  7.19  0.99  201642
1990-11-06 17:40:58.6500  121.699  37.332  7.64  1.26  202527
1991-05-20 11:45:51.1700  121.7008  37.3317  7.55  1.02  213442
1991-05-20 12:04:07.1000  121.6988  37.3302  7.04  1.11  213445
1991-05-20 12:20:09.2400  121.6917  37.3263  10.38  0.93  213446
1992-05-12 03:42:00.6300  121.7  37.3315  7.11  1.48  275095
1993-06-13 04:28:12.4700  121.7012  37.3315  7.44  1.04  354870
1993-06-13 04:28:59.3900  121.7003  37.3323  6.76  1.73  354871
1993-06-13 04:30:22.5400  121.6988  37.3307  7.12  1.02  354872
1994-05-02 03:47:29.2700  121.7005  37.3307  7.66  0.92  401288
1996-11-05 20:11:12.4000  121.6992  37.3307  7.01  1.15  483769
1996-11-05 20:12:21.2600  121.6997  37.3308  6.73  1.39  483770
1997-06-06 03:50:24.7600  121.6987  37.3318  7.23  1.74  507780
1998-03-07 16:50:11.2700  121.6985  37.3308  6.59  1.41  560286
1998-03-07 18:48:06.4000  121.7005  37.3313  7.09  1.2  560310
1999-05-28 20:28:21.7700  121.6987  37.3317  6.65  0.8  21020255
1999-05-29 01:43:18.9000  121.7007  37.3322  7.54  0.88  21020336
2000-06-04 00:50:16.0600  121.6948  37.33  6.69  1.15  21101700
2001-03-15 10:25:21.7500  121.7008  37.3317  7.4  1.37  21153279
2001-03-23 04:44:53.9100  121.7003  37.3318  7.02  1.58  21154861
2002-03-17 07:47:37.0900  121.7005  37.332  6.96  1.57  21216790
2002-06-05 21:58:29.6000  121.7003  37.3315  7.88  1.47  21228925
2002-06-05 22:00:38.0600  121.697  37.3302  8.4  1.45  21228926
2003-02-28 15:16:11.3800  121.6998  37.3313  7.12  1.52  21269349
2003-08-11 14:52:12.3500  121.6988  37.3307  7.14  1.36  21298832
2005-11-30 00:20:57.7100  121.6993  37.331  7.14  1.77  21497244
1994-11-29 07:55:15.1200  121.699  37.3298  7.13  0.93  30063524
1996-02-21 12:56:31.7600  121.6958  37.334  6.8  1.37  30097532
1998-03-07 18:37:27.7100  121.699  37.3307  6.86  1.2  30167409
1998-10-02 14:52:48.4200  121.7002  37.3318  6.89  1.41  30200211
1999-05-28 20:32:26.7000  121.6987  37.332  7.07  1.25  30502546
2013-01-08 12:38:07.8500  121.6988  37.3315  7.31  1.32  71917196
2016-09-28 19:57:28.4300  121.6993  37.3325  7.35  1.81  72704016

1988-02-08 14:48:57.6400  121.7002  37.3302  7.45  0.95  111980
1988-02-09 04:16:11.2600  121.7  37.331  7.53  0.72  112019
1996-11-09 08:01:57.9300  121.6988  37.3297  6.3  1.2  484124
1996-11-09 08:05:57.7100  121.6982  37.3295  5.98  1.28  484125

1986-06-06 07:47:59.9200  121.695  37.325  6.66  2.23  74089
1996-02-16 17:43:00.5800  121.6938  37.3247  6.64  2.16  30097143

1988-01-24 17:36:55.7600  121.6962  37.3273  6.56  1.68  111330
2000-02-16 05:24:24.0800  121.6955  37.327  6.71  1.91  21083132
2005-02-15 21:14:32.0400  121.6937  37.3268  6.83  2.03  21439788

1984-05-02 05:57:38.7800  121.6898  37.3198  7.55  1.2  18964
1984-06-04 01:13:29.3500  121.6915  37.3205  7.67  0.84  20082
1984-06-15 02:07:39.4800  121.691  37.3213  7.25  1.89  20871
1984-07-23 04:27:02.5700  121.6907  37.3213  7.53  1.57  23663
1984-08-13 00:57:58.7900  121.6895  37.3212  8.02  1.22  25459
1984-09-13 15:42:51.7300  121.6902  37.3207  6.8  1.8  27862
1984-09-23 12:36:19.8000  121.6913  37.3205  7.78  0.82  28512
1984-10-29 23:28:18.0000  121.6892  37.3198  7.59  1.26  30961
1984-12-02 22:57:43.7700  121.6897  37.3205  7.88  0.61  33215
1984-12-18 04:52:44.6700  121.691  37.3215  8.09  0.54  34868
1984-12-23 21:39:24.9200  121.6908  37.3213  7.42  1.68  38875
1985-03-08 08:03:25.2100  121.6898  37.3213  7.45  1.83  43259
1985-05-27 07:37:27.9200  121.6913  37.321  9.5  0  48577
1985-07-08 08:05:55.9700  121.6907  37.3205  8.09  0  50695
1985-09-06 06:21:17.6500  121.6942  37.3218  8.75  0.83  54653
1985-10-04 22:18:07.9400  121.6912  37.3213  7.39  1.44  56237
1986-05-22 22:57:42.0600  121.6882  37.3193  8.04  0.7  73198
1986-12-06 15:45:06.7600  121.692  37.326  9.15  0  89542
1986-07-24 19:35:17.4200  121.69  37.32  7.73  1.4  91635
1987-12-25 18:46:26.0000  121.69  37.3223  7.78  1.66  110217
1988-04-26 04:20:42.9700  121.6888  37.3207  8.57  0.93  116230
1989-05-19 06:53:19.3700  121.6908  37.3208  7.99  1.18  136390
1989-11-21 10:32:02.9600  121.69  37.3207  7.79  0.99  147763
1990-01-23 02:28:06.0300  121.6945  37.323  9.02  0  151105
1990-12-31 19:33:05.7400  121.6898  37.321  7.65  0.95  203865
1994-03-17 19:42:48.7200  121.6895  37.3205  7.72  1.27  397939
1996-09-24 11:32:29.8800  121.6912  37.3213  7.63  1.14  480166
1997-06-26 02:11:57.1800  121.6905  37.3248  8.01  1.42  509975
1995-11-17 00:57:40.1300  121.6912  37.321  7.93  1.24  30089949
2001-04-25 07:09:37.4900  121.6915  37.3213  7.7  1.23  30222905

1984-05-03 17:15:37.9400  121.694  37.3257  6.15  2.18  17429
1985-11-03 13:48:13.7700  121.6952  37.3258  6.3  2  58177
1986-08-13 16:15:10.6800  121.6948  37.3253  6.16  1.85  82327

1984-12-21 11:46:54.1600  121.6997  37.3312  6.89  0.82  35852
1985-11-25 08:46:07.3900  121.6997  37.3305  5.5  0.81  59863
1986-12-31 17:53:19.4900  121.7017  37.331  6.22  0.72  91476
1988-08-20 06:10:41.6200  121.7002  37.3303  5.81  0.98  122559
1989-07-13 15:49:17.8500  121.7007  37.3312  6.22  0.81  139955
1990-04-08 00:28:28.2800  121.701  37.3307  5.72  1.02  155477
2000-03-17 21:15:21.2600  121.7012  37.3318  5.74  1.18  21087156
2004-01-01 00:53:25.5700  121.7022  37.3302  6.72  0  21328171
1993-10-02 11:52:18.5500  121.7015  37.3303  5.99  1.02  30030439

1984-05-14 06:34:50.1400  121.6908  37.3227  7.13  1.69  18371
1984-07-05 08:35:21.6200  121.6915  37.3222  7.5  2.31  22133
1984-09-01 14:00:51.6300  121.6908  37.3227  7.99  2.39  26903
1985-03-14 11:41:59.5600  121.6915  37.3228  7.51  2.33  43853
1985-08-28 17:50:24.8900  121.6918  37.3227  7.59  2.25  54076
1986-03-21 03:49:19.2100  121.69  37.3223  7.85  2.12  68423
1986-12-02 07:16:57.7500  121.6918  37.3228  7.43  2.07  89180
1987-10-06 02:57:14.2800  121.691  37.322  7.51  1.79  106819
1988-09-03 10:33:54.9700  121.6915  37.3227  7.23  1.77  123302
1989-07-17 06:17:13.1300  121.6917  37.3228  7.83  1.87  140168
1990-11-11 00:09:07.9900  121.6898  37.3222  7.53  1.63  202590
1992-05-27 00:18:39.4300  121.6912  37.3222  7.72  1.61  281607
1994-03-08 02:08:12.7800  121.6903  37.3218  7.14  1.64  396827
1997-06-19 14:34:35.6100  121.69  37.3237  8.44  1.59  509149
1999-05-07 04:50:56.3300  121.6915  37.322  7.73  1.53  21011228
2001-05-12 20:04:26.6400  121.6928  37.3242  8.51  1.18  21163835
2003-05-08 03:55:11.2300  121.6913  37.3237  8.03  1.48  21278489
2005-07-05 23:51:24.9000  121.6903  37.3225  8.15  1.71  21467450
1995-11-09 08:21:00.5500  121.6915  37.3222  7.47  1.68  30089374
2007-12-22 23:13:07.3300  121.6912  37.3215  7.51  1.61  51193009
2008-11-07 12:45:59.0300  121.69  37.3213  7.81  1.48  51210787
2010-01-03 03:38:25.2800  121.6895  37.3217  8.02  1.72  71329470
2011-08-01 09:00:34.8100  121.6897  37.3212  7.91  1.43  71611515
2013-05-14 00:38:26.9000  121.6905  37.3228  8.25  1.57  71991161
2015-09-23 09:36:23.9800  121.6903  37.3228  7.84  1.52  72528066
2018-01-24 08:38:12.8300  121.6897  37.3225  8.21  1.26  72957866

1984-05-14 01:14:42.0300  121.6832  37.3145  6.38  1.47  18362
1984-05-14 12:00:58.1600  121.6875  37.3172  8.82  0.7  18377
1984-06-08 12:13:10.7200  121.6867  37.3148  7.35  0.61  20414
1984-09-03 18:32:43.3300  121.6872  37.3163  7.03  1.75  27144
1984-10-05 22:51:25.5200  121.6865  37.316  7.25  1.11  29603
1984-10-08 21:37:04.0500  121.687  37.3148  7.65  0.96  29691
1985-04-07 20:19:00.1800  121.6873  37.315  7.46  0.96  45584
1985-10-12 09:44:35.6200  121.6875  37.3157  7.46  0.98  56786
1986-07-29 15:31:56.2900  121.686  37.3153  7.6  0.7  77691
1986-08-28 23:54:16.8500  121.685  37.3177  8.39  0.86  80774
1988-03-13 00:58:13.7700  121.6863  37.3147  7.26  1.19  113752
1988-06-26 16:42:26.6500  121.6863  37.316  7.12  2.04  119599
1988-12-27 12:42:58.1200  121.687  37.3155  7.52  1.04  129257
1989-03-19 13:58:04.3700  121.6858  37.3158  7.28  1.77  133039
1989-03-19 15:02:50.0800  121.6843  37.3147  7.04  1.09  133042
1989-03-19 15:15:32.6700  121.6858  37.3147  7.57  0.7  133045
1990-04-19 04:34:18.7100  121.6858  37.3147  6.75  0.84  156154
1990-11-10 11:15:31.2000  121.6853  37.3162  6.78  1.86  202587
1990-11-10 11:36:27.6100  121.6848  37.3142  7.68  0.81  202723
1991-06-21 22:59:26.5100  121.6865  37.3153  7.91  1.01  220664
1992-03-08 15:32:04.5000  121.6983  37.3185  7.23  0.92  255228
1992-03-08 16:37:00.4800  121.6872  37.317  5.87  1.55  255236
1992-08-31 12:54:02.2600  121.6848  37.315  7.39  0.99  312888
1992-12-16 00:24:54.9800  121.6882  37.3158  7.68  0.79  329338
1994-05-26 09:15:06.8500  121.6868  37.3162  7.46  1.01  402800
1996-11-15 02:50:29.2200  121.6863  37.3163  7  1.79  484601
1988-03-13 01:12:38.7000  121.6882  37.3203  8.86  0.89  1155954
1999-04-05 05:44:29.4500  121.6843  37.3155  6.92  1.65  21006661
1999-04-17 06:38:13.8800  121.6878  37.3158  7.86  1.5  21008091
1999-05-20 20:55:34.0600  121.6868  37.3177  8.16  1.18  21016446
2000-08-12 06:35:00.0000  121.6855  37.3158  8.28  1.51  21119595
2002-11-23 19:22:06.7900  121.6875  37.3165  8.38  1.34  21256579
1998-08-07 10:17:34.0700  121.6875  37.3155  7.86  1.25  30189678

1984-09-16 06:06:12.0700  121.693  37.321  4.27  1.68  27973
1986-05-17 23:43:19.8600  121.6938  37.321  4.81  1.44  72816
1987-05-28 00:59:46.8900  121.694  37.3218  4.62  1.58  101092
1988-09-23 15:36:06.5200  121.6932  37.3218  4.41  1.69  124211
1990-02-14 01:36:55.7600  121.6938  37.322  4.67  1.7  152459
1991-11-12 16:11:13.8500  121.6943  37.3217  4.92  1.67  237097
1994-01-15 05:53:52.8100  121.6938  37.3222  4.84  1.61  391170
1998-01-07 20:23:07.3100  121.6942  37.3228  4.62  1.62  550297
1996-01-30 00:15:18.7900  121.6942  37.3217  4.94  1.59  30095456
1999-12-31 07:28:43.6100  121.695  37.3232  4.44  1.43  30503898

2006-09-05 01:52:14.7700  121.6955  37.3302  7.53  1.14  21535512
2009-05-22 21:08:14.3500  121.6977  37.3308  6.84  1.76  51222008
2010-07-09 05:45:33.7700  121.6982  37.3293  6.98  1.4  71421535
2012-04-01 15:40:45.0300  121.6963  37.3305  7.6  1.33  71756865

1985-04-21 18:29:47.9500  121.6855  37.3142  6.58  1.22  46458
1988-02-21 08:50:26.1600  121.6863  37.3148  7.74  0.91  112631
1994-01-30 07:06:04.0900  121.6857  37.3147  7.57  0.86  393019
2000-05-15 22:28:16.7100  121.6863  37.3143  6.64  1.87  21097840
2002-03-06 03:23:21.3900  121.691  37.3217  4.15  1.27  21215420
1996-03-23 17:36:37.3600  121.6865  37.3148  6.81  1.49  30100289
1998-05-17 17:12:52.3700  121.6878  37.3162  7.76  1.14  30174366

1984-08-15 00:26:38.0100  121.6867  37.3145  6.59  3  25635
1987-04-23 12:01:25.1900  121.6863  37.3145  6.78  3.1  99158
1992-11-16 07:44:36.8800  121.6855  37.315  6.96  2.93  324800

1989-11-27 11:51:30.2000  121.6985  37.331  6.36  2.1  148050
1993-02-28 16:03:44.8600  121.6993  37.3313  6.13  2.33  338348
1996-11-08 18:55:52.4700  121.6987  37.3322  6.06  2.13  484078

1984-11-06 06:23:40.9300  121.7008  37.332  6.72  0.81  31379
1988-06-17 06:49:48.9300  121.7005  37.3323  6.62  1.35  119119
1988-08-01 00:20:20.9400  121.6992  37.3305  6.43  0.86  121490
1989-05-17 15:00:19.7900  121.7007  37.3315  6.63  1.02  136268
1993-08-26 19:55:52.2700  121.7005  37.332  6.86  1.21  376233
2000-12-04 08:28:39.9900  121.7008  37.3313  4.95  1.18  21137106
2001-03-02 20:30:42.1200  121.7003  37.332  6.47  1.61  21150145
1998-11-26 12:41:12.4500  121.7005  37.332  6.48  1.18  30207214

1984-11-17 12:25:38.3500  121.696  37.328  6.47  0.98  32091
1985-06-08 18:14:46.0900  121.6977  37.3282  6.56  1.31  49190
1985-06-08 18:23:40.4000  121.6972  37.3292  7.35  1  49191
1987-08-14 12:59:12.9100  121.6997  37.3322  7.59  0.79  104525
1988-11-05 08:29:28.9100  121.698  37.3285  6.93  0.91  126499
1989-07-29 05:00:04.3200  121.697  37.3278  6.39  0.93  141061
1989-07-29 04:01:11.4500  121.6983  37.329  7.6  0.92  141155
1989-07-29 04:18:52.8100  121.6977  37.3283  6.99  0.87  141157
1989-07-29 04:19:25.3200  121.6965  37.3278  6.89  0.99  141215
1991-01-02 18:44:54.6800  121.697  37.3285  6.89  1.02  204012
2001-04-16 12:40:39.9000  121.697  37.3278  6.52  1.29  21158577
1994-08-15 09:30:20.6500  121.696  37.3273  6.39  1.31  30055134

1987-10-12 00:33:19.0800  121.683  37.3112  7.79  0.88  107060
1996-09-17 10:22:51.8600  121.6828  37.3117  7.16  1.41  479533
1994-09-06 02:57:50.0100  121.6825  37.3108  8.46  0.98  30056691

2008-05-14 06:00:36.0400  121.7  37.3322  6.37  1.01  51202656
2009-09-02 01:01:27.4700  121.6992  37.3308  6.79  1.08  71274351

1984-07-13 02:22:43.0900  121.6897  37.3332  7.4  0.54  22636
1984-07-13 02:24:07.6000  121.6888  37.3328  6.93  1.09  22637
1984-07-13 02:46:03.4400  121.6888  37.3333  7.24  0.96  22638

1986-02-24 10:34:23.7500  121.6942  37.3258  6.72  1.55  66863
1987-08-14 09:13:50.9500  121.6953  37.3252  6.72  1.43  104516
1998-12-05 14:39:11.0100  121.6948  37.3257  6.87  1.48  30208107

1987-07-01 05:10:19.2200  121.6927  37.3258  7  0.71  102615
1987-07-01 05:10:39.0400  121.6948  37.3267  7.5  0.94  102640
1988-02-21 19:01:44.0700  121.6942  37.3253  6.66  1.24  112659

1984-06-15 15:49:58.8100  121.6855  37.3142  6.31  2.96  20940
1984-10-18 06:11:06.2900  121.6867  37.3158  7.11  2.44  30261
1989-03-19 13:54:05.0500  121.6863  37.3158  7.21  2.33  133038

1986-01-12 11:20:12.4200  121.687  37.3157  7.24  2.75  63326
1994-08-30 22:46:32.0400  121.6852  37.3162  7.3  2.75  30056205

1984-07-24 04:36:00.5600  121.6892  37.33  7.47  0.74  23751
1984-09-01 14:22:35.0100  121.6878  37.3285  7.21  0.76  26908

1986-01-19 10:17:03.8100  121.6995  37.3297  5.61  0.72  63953
1988-04-17 09:38:36.0400  121.6988  37.3297  6.53  0.72  115780
1988-11-11 15:03:23.3300  121.7008  37.3305  6.51  0.72  126852
1990-02-04 11:41:17.9000  121.7003  37.3315  5.74  0.8  151869

1985-12-31 17:37:55.8700  121.6852  37.3138  6.01  0.76  62519
1992-05-31 12:20:29.9900  121.6843  37.3133  6.04  1.07  283191

1984-04-28 13:12:20.7300  121.6962  37.3255  4.62  0.91  16871
1985-10-01 13:39:10.6900  121.6973  37.3258  4.98  1.15  56058
1987-09-22 01:55:21.9000  121.697  37.3257  5  1.01  106187
1992-04-05 18:32:06.4000  121.6975  37.326  4.83  1.25  261818
1997-12-21 07:55:51.5900  121.6988  37.3275  5.25  1.39  545411
2001-11-19 16:09:37.3500  121.697  37.325  4.87  1.24  21203290
1994-09-25 21:28:21.6100  121.6968  37.3265  5.07  1.25  30058772

1984-05-06 16:41:26.6900  121.6987  37.3277  5.95  0.88  17625
1985-02-12 17:19:02.0600  121.7003  37.3292  6.29  0.89  40722
1985-09-18 23:07:58.3000  121.7003  37.329  6.1  1.08  55423
1986-06-29 09:58:48.3500  121.6982  37.3283  5.63  1.03  75574
1987-07-27 09:47:46.6200  121.701  37.3288  6.71  1.07  103654
1989-03-12 18:35:10.1100  121.697  37.331  5.54  0.72  132676
1990-01-01 16:40:18.5600  121.6987  37.3287  5.91  0.72  149939
1991-01-19 13:34:30.9500  121.7002  37.329  6.11  0.87  204999
1995-02-05 21:47:28.3900  121.698  37.3292  5.71  1.02  30067469

2007-10-05 23:21:05.9000  121.6957  37.325  4.95  0.76  71072190
2009-07-21 01:45:51.4400  121.6947  37.3248  5.1  0.88  71251556

1986-05-20 03:17:15.1700  121.6815  37.3073  6.3  0.87  72991
1987-01-28 07:19:11.1400  121.6807  37.3083  6.61  0  93404
1988-12-22 09:21:08.4500  121.6805  37.3063  5.22  0.85  129046
1990-01-09 05:41:16.9700  121.6803  37.3083  5.01  0.79  150328
1991-12-23 18:47:12.9100  121.6808  37.3072  6  1.01  241614
1984-11-10 14:09:42.2700  121.6778  37.3118  5.13  0.87  1121920

1985-11-18 12:32:53.9300  121.6805  37.3072  5.89  0.76  59352
1988-03-15 08:53:36.1300  121.6832  37.3088  6.52  0.7  113912
1989-09-27 05:45:19.0500  121.6833  37.3077  6.56  0.67  144670

1984-10-31 16:06:12.1900  121.6915  37.3145  2.43  1.1  31039
1986-06-20 05:09:29.7600  121.6922  37.3132  1.27  1.12  75039
1989-04-14 19:32:53.6200  121.6945  37.3133  1.39  1.04  134725
1990-10-05 07:27:56.2000  121.695  37.3132  1.02  1.13  164888
1993-01-10 06:08:03.2800  121.6935  37.314  1.34  1.08  331587
1994-05-27 19:30:57.2500  121.6937  37.3142  1.24  1.08  402859
1995-12-03 12:14:33.7000  121.6915  37.3132  1.92  1.1  30091173
1996-03-06 23:06:03.9600  121.6923  37.3122  1.12  1.29  30098582

1985-11-16 21:57:15.4600  121.6923  37.3213  5.56  0.7  59241
1989-08-06 10:54:37.6200  121.6918  37.3208  5.69  0.7  141628
1990-04-18 13:14:14.8100  121.692  37.3215  5.58  0  156133
1991-02-10 14:43:00.7700  121.6693  37.3392  19.33  1  206249
2000-11-05 19:45:51.8000  121.6923  37.3207  5.5  1.14  21132782
1994-12-11 13:31:38.2500  121.6927  37.322  5.98  0.79  30064199

1985-11-29 13:48:55.6200  121.692  37.3203  4.26  0.89  60144
1988-10-23 01:27:20.1300  121.6908  37.318  4.89  0.75  126395
1990-08-24 00:43:42.4600  121.6957  37.3197  4.77  0.92  163133
1991-08-27 08:47:13.9300  121.6958  37.3198  4.18  1.02  228950
1993-07-04 03:04:40.3500  121.6973  37.3182  4.5  1.08  364464
2003-12-22 06:01:49.5800  121.6915  37.3178  4.33  1.14  21323677
1994-07-29 20:12:33.3600  121.6903  37.318  2.96  1.01  30053832
1999-09-10 18:17:18.2500  121.6927  37.3187  4.12  1.14  30220824

2006-04-09 17:41:08.7000  121.6908  37.3183  4.12  1.07  21512324
2009-05-12 18:53:02.7500  121.692  37.3185  4.1  0.92  71219951

1991-09-15 15:33:13.6800  121.6825  37.3118  7.03  1.87  231572
1996-03-26 16:11:02.8000  121.6825  37.311  7.01  2.02  30100487

2007-11-19 05:59:43.5500  121.6792  37.3115  7.95  2.06  40205814
2013-01-16 15:04:00.4500  121.6818  37.3105  7.24  1.97  71922751

1984-11-05 00:41:11.9900  121.6917  37.3133  2.66  1.17  31251
1985-10-30 01:26:10.0900  121.6853  37.3217  -0.33  0.71  57914
1986-11-23 22:06:14.0100  121.6907  37.3127  2.69  1.37  88623
1991-09-29 00:03:58.7600  121.6903  37.3137  2.59  1.42  232522
1995-07-23 04:35:06.2900  121.6895  37.3132  2.7  1.39  30077868

1993-02-06 10:23:07.6900  121.6857  37.317  4.12  0.7  336069
1996-03-18 14:35:28.5600  121.6868  37.3178  5.49  1.14  30099822

1984-04-25 18:37:30.0300  121.7028  37.3178  -0.26  2.02  16596
1986-05-01 16:06:24.4300  121.6988  37.317  -0.32  1.48  71606

1987-10-24 04:24:43.9300  121.6982  37.3297  7.93  0.71  107608
1993-07-31 10:41:08.6400  121.7012  37.3295  7.55  0.89  372745
1997-10-22 10:59:14.0800  121.699  37.3295  6.95  0.96  527833

1993-08-11 23:29:27.2500  121.6808  37.3115  7.88  1.01  374375
1994-02-15 19:16:26.7500  121.6813  37.3085  8.15  0.87  394896
1995-09-08 20:44:14.1500  121.6807  37.3075  7.64  1.22  30083162

2008-02-07 16:00:47.9500  121.6993  37.3313  6.61  0.88  51195991
2009-07-25 19:12:20.9900  121.6958  37.3345  8.14  2.06  71253996

1984-04-30 05:40:47.3200  121.6702  37.3537  3.11  0.9  18624
1984-05-01 19:47:44.2900  121.6738  37.3483  4.43  0.83  18790

1984-05-13 08:27:33.6200  121.6675  37.3542  2.54  1.11  18312
1984-05-13 14:55:03.7100  121.6702  37.353  2.84  1.12  18328

1985-01-05 17:56:10.7200  121.6872  37.3157  6.49  0.65  36514
1987-01-11 09:16:51.9600  121.687  37.3148  6.04  0.7  92244
1991-05-22 12:51:50.8300  121.6858  37.314  6.44  0.71  214401
1997-05-05 09:59:28.4800  121.6868  37.3153  5.77  1.14  503747

1984-09-01 14:06:54.7900  121.6882  37.3322  6.14  0.57  26905
1985-03-22 12:26:55.8600  121.6937  37.3248  8.96  0.63  44520
1985-09-03 00:31:52.9100  121.6907  37.3215  7.77  0.83  54383

1984-08-27 09:05:49.4300  121.7592  37.2458  4.18  1.27  26343
1984-08-27 22:19:04.0900  121.7598  37.2473  4.18  1.09  26505

1986-06-18 14:47:10.8200  121.7002  37.3318  6.94  0.99  74920
1995-09-11 05:19:45.2500  121.6997  37.3317  6.87  1.3  30083405

1985-07-12 23:19:49.4200  121.6923  37.3195  8.54  0  51021
1988-02-27 12:43:40.1100  121.689  37.3213  8.42  0.83  113069
1988-11-04 17:43:32.9900  121.6875  37.3305  7.77  1.33  126414

1985-01-10 06:10:41.0500  121.6997  37.3263  3.2  0.56  36911
1988-10-29 13:01:21.3400  121.6998  37.3272  3.69  0.77  125988
1989-08-25 23:57:07.9500  121.7052  37.328  3.47  0.88  142989

1986-12-23 16:36:49.1000  121.6953  37.3225  3.2  0.71  90872
1993-03-12 15:02:19.8500  121.6963  37.3235  3.89  1.02  340096

1988-02-15 03:13:51.0800  121.6817  37.3052  3.81  1.01  112315
1989-05-18 19:16:52.2700  121.6825  37.3057  3.9  0.84  136373
2004-03-05 10:22:54.7700  121.6812  37.3055  4.72  1.14  21347901
1996-05-23 20:08:05.4800  121.6815  37.3063  4.65  1.14  30106969

1984-11-20 03:46:52.3600  121.6813  37.3058  3.5  0.69  32166
1985-09-10 14:48:47.8700  121.6817  37.3088  5.57  0.89  1131222

1985-10-12 19:25:09.9100  121.6983  37.3258  6.23  0.77  56805
1991-05-19 10:37:39.2700  121.698  37.3272  6.19  1  213403

1985-11-17 00:41:04.2100  121.6885  37.3297  6.06  1.33  59178
1985-12-03 00:35:40.5300  121.692  37.3295  6.46  0.81  60455

1989-11-01 19:38:04.9000  121.6817  37.3102  6.18  1.9  152028
1994-09-14 01:39:46.5000  121.6817  37.3102  6.79  2.47  30057395

1985-03-26 18:09:28.4000  121.6988  37.3293  7.07  0.88  44778
1987-07-05 10:54:56.8000  121.6985  37.3297  7.16  0.83  102720
