-121.756673 -121.772182850328 -121.622797616979 -121.607517 -121.756673
37.186139 37.203975461515 37.3231236085962 37.30622 37.186139
-121.772182850328 -121.787390115555 -121.637780121022 -121.622797616979 -121.772182850328
37.203975461515 37.2214639475577 37.3396974409541 37.3231236085962 37.203975461515
-121.787390115555 -121.809755990546 -121.65981543161 -121.637780121022 -121.787390115555
37.2214639475577 37.2471848965089 37.3640731756495 37.3396974409541 37.2214639475577
-121.809755990546 -121.824230233071 -121.67407574692 -121.65981543161 -121.809755990546
37.2471848965089 37.2638304001283 37.3798481138475 37.3640731756495 37.2471848965089
-121.824230233071 -121.838422094398 -121.688057854586 -121.67407574692 -121.824230233071
37.2638304001283 37.2801511629363 37.3953152952874 37.3798481138475 37.2638304001283
-121.838422094398 -121.859294578147 -121.708621846038 -121.688057854586 -121.838422094398
37.2801511629363 37.3041546990919 37.4180634384523 37.3953152952874 37.2801511629363
-121.859294578147 -121.889687090492 -121.738565161439 -121.708621846038 -121.859294578147
37.3041546990919 37.3391063501605 37.4511871064489 37.4180634384523 37.3041546990919
-121.889687090492 -121.909059364021 -121.757651115562 -121.738565161439 -121.889687090492
37.3391063501605 37.3613846316373 37.4723002263334 37.4511871064489 37.3391063501605
-121.909059364021 -121.937267413886 -121.785442254522 -121.757651115562 -121.909059364021
37.3613846316373 37.3938241320318 37.5030431299786 37.4723002263334 37.3613846316373
-121.937267413886 -122.028290611829 -121.875120142741 -121.785442254522 -121.937267413886
37.3938241320318 37.498501593953 37.6022459255373 37.5030431299786 37.3938241320318
-122.028290611829 -122.144598031422 -121.989708555465 -121.875120142741 -122.028290611829
37.498501593953 37.6322561286301 37.7290050531957 37.6022459255373 37.498501593953
-122.144598031422 -122.280290020948 -122.123395036977 -121.989708555465 -122.144598031422
37.6322561286301 37.7883030857534 37.8768907021305 37.7290050531957 37.6322561286301
-122.280290020948 -122.370751347299 -122.212519357985 -122.123395036977 -122.280290020948
37.7883030857534 37.8923343905023 37.9754811347536 37.8768907021305 37.7883030857534
-122.370751347299 -122.531571483033 -122.370962595332 -122.212519357985 -122.370751347299
37.8923343905023 38.077278932278 38.1507530149726 37.9754811347536 37.8923343905023
